dts; times; mean_mxs; mean_mys; mean_mzs
0.4424778761; 0; 9.67e-001; 1.26e-001; 7.82e-006
0.4424778761; 0.4424778761; 9.67e-001; 1.26e-001; -3.17e-003
0.4424778761; 0.8849557522; 9.66e-001; 1.28e-001; -6.31e-003
0.4424778761; 1.3274336283; 9.65e-001; 1.31e-001; -9.42e-003
0.4424778761; 1.7699115044; 9.64e-001; 1.35e-001; -1.25e-002
0.4424778761; 2.2123893805; 9.62e-001; 1.40e-001; -1.55e-002
0.4424778761; 2.6548672566; 9.60e-001; 1.47e-001; -1.85e-002
0.4424778761; 3.0973451327; 9.58e-001; 1.54e-001; -2.15e-002
0.4424778761; 3.5398230088; 9.55e-001; 1.62e-001; -2.44e-002
0.4424778761; 3.982300885; 9.52e-001; 1.72e-001; -2.72e-002
0.4424778761; 4.4247787611; 9.48e-001; 1.82e-001; -3.05e-002
0.4424778761; 4.8672566372; 9.44e-001; 1.93e-001; -3.27e-002
0.4424778761; 5.3097345133; 9.39e-001; 2.05e-001; -3.54e-002
0.4424778761; 5.7522123894; 9.34e-001; 2.18e-001; -3.79e-002
0.4424778761; 6.1946902655; 9.28e-001; 2.31e-001; -4.04e-002
0.4424778761; 6.6371681416; 9.21e-001; 2.45e-001; -4.28e-002
0.4424778761; 7.0796460177; 9.14e-001; 2.60e-001; -4.52e-002
0.4424778761; 7.5221238938; 9.06e-001; 2.76e-001; -4.74e-002
0.4424778761; 7.9646017699; 8.98e-001; 2.92e-001; -4.95e-002
0.4424778761; 8.407079646; 8.88e-001; 3.08e-001; -5.16e-002
0.4424778761; 8.8495575221; 8.78e-001; 3.25e-001; -5.36e-002
0.4424778761; 9.2920353982; 8.68e-001; 3.42e-001; -5.54e-002
0.4424778761; 9.7345132743; 8.56e-001; 3.60e-001; -5.72e-002
0.4424778761; 10.1769911504; 8.44e-001; 3.77e-001; -5.89e-002
0.4424778761; 10.6194690265; 8.31e-001; 3.95e-001; -6.06e-002
0.4424778761; 11.0619469027; 8.18e-001; 4.13e-001; -6.22e-002
0.4424778761; 11.5044247788; 8.03e-001; 4.31e-001; -6.37e-002
0.4424778761; 11.9469026549; 7.88e-001; 4.49e-001; -6.51e-002
0.4424778761; 12.389380531; 7.72e-001; 4.67e-001; -6.65e-002
0.4424778761; 12.8318584071; 7.56e-001; 4.85e-001; -6.79e-002
0.4424778761; 13.2743362832; 7.38e-001; 5.03e-001; -6.93e-002
0.4424778761; 13.7168141593; 7.20e-001; 5.21e-001; -7.06e-002
0.4424778761; 14.1592920354; 7.02e-001; 5.38e-001; -7.28e-002
0.4424778761; 14.6017699115; 6.82e-001; 5.56e-001; -7.34e-002
0.4424778761; 15.0442477876; 6.62e-001; 5.72e-001; -7.48e-002
0.4424778761; 15.4867256637; 6.40e-001; 5.89e-001; -7.63e-002
0.4424778761; 15.9292035398; 6.18e-001; 6.05e-001; -7.78e-002
0.4424778761; 16.3716814159; 5.96e-001; 6.21e-001; -7.94e-002
0.4424778761; 16.814159292; 5.72e-001; 6.36e-001; -8.10e-002
0.4424778761; 17.2566371681; 5.47e-001; 6.51e-001; -8.28e-002
0.4424778761; 17.6991150442; 5.22e-001; 6.65e-001; -8.47e-002
0.4424778761; 18.1415929204; 4.95e-001; 6.79e-001; -8.68e-002
0.4424778761; 18.5840707965; 4.68e-001; 6.91e-001; -8.89e-002
0.4424778761; 19.0265486726; 4.39e-001; 7.03e-001; -9.13e-002
0.4424778761; 19.4690265487; 4.09e-001; 7.14e-001; -9.38e-002
0.4424778761; 19.9115044248; 3.79e-001; 7.24e-001; -9.65e-002
0.4424778761; 20.3539823009; 3.47e-001; 7.32e-001; -9.94e-002
0.4424778761; 20.796460177; 3.14e-001; 7.40e-001; -1.02e-001
0.4424778761; 21.2389380531; 2.88e-001; 7.45e-001; -1.06e-001
0.4424778761; 21.6814159292; 2.45e-001; 7.50e-001; -1.09e-001
0.4424778761; 22.1238938053; 2.09e-001; 7.52e-001; -1.12e-001
0.4424778761; 22.5663716814; 1.72e-001; 7.53e-001; -1.16e-001
0.4424778761; 23.0088495575; 1.34e-001; 7.52e-001; -1.20e-001
0.4424778761; 23.4513274336; 9.54e-002; 7.49e-001; -1.24e-001
0.4424778761; 23.8938053097; 5.60e-002; 7.43e-001; -1.27e-001
0.4424778761; 24.3362831858; 1.60e-002; 7.36e-001; -1.31e-001
0.4424778761; 24.7787610619; -2.45e-002; 7.26e-001; -1.35e-001
0.4424778761; 25.2212389381; -6.53e-002; 7.15e-001; -1.38e-001
0.4424778761; 25.6637168142; -1.06e-001; 7.48e-001; -1.42e-001
0.4424778761; 26.1061946903; -1.48e-001; 6.84e-001; -1.45e-001
0.4424778761; 26.5486725664; -1.89e-001; 6.66e-001; -1.48e-001
0.4424778761; 26.9911504425; -2.30e-001; 6.45e-001; -1.51e-001
0.4424778761; 27.4336283186; -2.71e-001; 6.23e-001; -1.54e-001
0.4424778761; 27.8761061947; -3.11e-001; 5.98e-001; -1.57e-001
0.4424778761; 28.3185840708; -3.51e-001; 5.71e-001; -1.60e-001
0.4424778761; 28.7610619469; -3.91e-001; 5.43e-001; -1.61e-001
0.4424778761; 29.203539823; -4.29e-001; 5.12e-001; -1.63e-001
0.4424778761; 29.6460176991; -4.67e-001; 4.80e-001; -1.65e-001
0.4424778761; 30.0884955752; -5.03e-001; 4.46e-001; -1.66e-001
0.4424778761; 30.5309734513; -5.39e-001; 4.10e-001; -1.67e-001
0.4424778761; 30.9734513274; -5.73e-001; 3.72e-001; -1.68e-001
0.4424778761; 31.4159292035; -6.05e-001; 3.34e-001; -1.69e-001
0.4424778761; 31.8584070796; -6.36e-001; 2.93e-001; -1.69e-001
0.4424778761; 32.3008849558; -6.65e-001; 2.52e-001; -1.69e-001
0.4424778761; 32.7433628319; -6.92e-001; 2.10e-001; -1.68e-001
0.4424778761; 33.185840708; -7.18e-001; 1.66e-001; -1.67e-001
0.4424778761; 33.6283185841; -7.41e-001; 1.22e-001; -1.65e-001
0.4424778761; 34.0707964602; -7.63e-001; 7.66e-002; -1.63e-001
0.4424778761; 34.5132743363; -7.83e-001; 3.08e-002; -1.60e-001
0.4424778761; 34.9557522124; -8.72e-001; -1.56e-002; -1.57e-001
0.4424778761; 35.3982300885; -8.16e-001; -6.23e-002; -1.53e-001
0.4424778761; 35.8407079646; -8.29e-001; -1.09e-001; -1.49e-001
0.4424778761; 36.2831858407; -8.40e-001; -1.56e-001; -1.43e-001
0.4424778761; 36.7256637168; -8.47e-001; -2.01e-001; -1.38e-001
0.4424778761; 37.1681415929; -8.52e-001; -2.46e-001; -1.31e-001
0.4424778761; 37.610619469; -8.54e-001; -2.89e-001; -1.23e-001
0.4424778761; 38.0530973451; -8.52e-001; -3.31e-001; -1.15e-001
0.4424778761; 38.4955752212; -8.48e-001; -3.68e-001; -1.06e-001
0.4424778761; 38.9380530973; -8.39e-001; -4.02e-001; -9.62e-002
0.4424778761; 39.3805309735; -8.28e-001; -4.31e-001; -8.58e-002
0.4424778761; 39.8230088496; -8.15e-001; -4.56e-001; -7.50e-002
0.4424778761; 40.2654867257; -8.88e-001; -4.75e-001; -6.40e-002
0.4424778761; 40.7079646018; -7.85e-001; -4.88e-001; -5.30e-002
0.4424778761; 41.1504424779; -7.70e-001; -4.95e-001; -4.22e-002
0.4424778761; 41.592920354; -7.54e-001; -4.97e-001; -3.18e-002
0.4424778761; 42.0353982301; -7.39e-001; -4.94e-001; -2.18e-002
0.4424778761; 42.4778761062; -7.25e-001; -4.86e-001; -1.24e-002
0.4424778761; 42.9203539823; -7.13e-001; -4.74e-001; -3.59e-003
0.4424778761; 43.3628318584; -7.01e-001; -4.58e-001; 4.66e-003
0.4424778761; 43.8053097345; -6.91e-001; -4.39e-001; 1.23e-002
0.4424778761; 44.2477876106; -6.83e-001; -4.17e-001; 1.94e-002
0.4424778761; 44.6902654867; -6.75e-001; -3.92e-001; 2.59e-002
0.4424778761; 45.1327433628; -6.69e-001; -3.66e-001; 3.19e-002
0.4424778761; 45.5752212389; -6.64e-001; -3.39e-001; 3.73e-002
0.4424778761; 46.017699115; -6.60e-001; -3.10e-001; 4.21e-002
0.4424778761; 46.4601769912; -6.58e-001; -2.82e-001; 4.64e-002
0.4424778761; 46.9026548673; -6.56e-001; -2.53e-001; 5.33e-002
0.4424778761; 47.3451327434; -6.55e-001; -2.26e-001; 5.32e-002
0.4424778761; 47.7876106195; -6.55e-001; -2.00e-001; 5.58e-002
0.4424778761; 48.2300884956; -6.55e-001; -1.74e-001; 5.85e-002
0.4424778761; 48.6725663717; -6.57e-001; -1.50e-001; 5.98e-002
0.4424778761; 49.1150442478; -6.59e-001; -1.29e-001; 6.13e-002
0.4424778761; 49.5575221239; -6.62e-001; -1.09e-001; 6.26e-002
0.4424778761; 50; -6.66e-001; -9.07e-002; 6.36e-002
0.4424778761; 50.4424778761; -6.71e-001; -7.46e-002; 6.46e-002
0.4424778761; 50.8849557522; -6.77e-001; -6.03e-002; 6.55e-002
0.4424778761; 51.3274336283; -6.86e-001; -4.77e-002; 6.63e-002
0.4424778761; 51.7699115044; -6.96e-001; -3.66e-002; 6.71e-002
0.4424778761; 52.2123893805; -7.09e-001; -2.69e-002; 6.80e-002
0.4424778761; 52.6548672566; -7.24e-001; -1.82e-002; 6.88e-002
0.4424778761; 53.0973451327; -7.41e-001; -1.03e-002; 6.96e-002
0.4424778761; 53.5398230088; -7.61e-001; -2.71e-003; 7.05e-002
0.4424778761; 53.982300885; -7.82e-001; 5.04e-003; 7.14e-002
0.4424778761; 54.4247787611; -8.05e-001; 1.35e-002; 7.23e-002
0.4424778761; 54.8672566372; -8.28e-001; 2.33e-002; 7.34e-002
0.4424778761; 55.3097345133; -8.51e-001; 3.50e-002; 7.44e-002
0.4424778761; 55.7522123894; -8.73e-001; 4.93e-002; 7.54e-002
0.4424778761; 56.1946902655; -8.94e-001; 6.64e-002; 7.63e-002
0.4424778761; 56.6371681416; -9.11e-001; 8.63e-002; 7.69e-002
0.4424778761; 57.0796460177; -9.25e-001; 1.09e-001; 7.71e-002
0.4424778761; 57.5221238938; -9.33e-001; 1.33e-001; 7.68e-002
0.4424778761; 57.9646017699; -9.36e-001; 1.58e-001; 7.60e-002
0.4424778761; 58.407079646; -9.33e-001; 1.83e-001; 7.45e-002
0.4424778761; 58.8495575221; -9.23e-001; 2.06e-001; 7.25e-002
0.4424778761; 59.2920353982; -9.08e-001; 2.27e-001; 7.21e-002
0.4424778761; 59.7345132743; -8.89e-001; 2.45e-001; 6.72e-002
0.4424778761; 60.1769911504; -8.67e-001; 2.60e-001; 6.40e-002
0.4424778761; 60.6194690265; -8.43e-001; 2.71e-001; 6.07e-002
0.4424778761; 61.0619469027; -8.19e-001; 2.80e-001; 5.73e-002
0.4424778761; 61.5044247788; -7.96e-001; 2.86e-001; 5.38e-002
0.4424778761; 61.9469026549; -7.73e-001; 2.91e-001; 5.03e-002
0.4424778761; 62.389380531; -7.52e-001; 2.94e-001; 4.68e-002
0.4424778761; 62.8318584071; -7.34e-001; 2.97e-001; 4.33e-002
0.4424778761; 63.2743362832; -7.18e-001; 2.99e-001; 3.99e-002
0.4424778761; 63.7168141593; -7.04e-001; 3.01e-001; 3.66e-002
0.4424778761; 64.1592920354; -6.94e-001; 3.04e-001; 3.33e-002
0.4424778761; 64.6017699115; -6.86e-001; 3.07e-001; 2.98e-002
0.4424778761; 65.0442477876; -6.90e-001; 3.12e-001; 2.64e-002
0.4424778761; 65.4867256637; -6.77e-001; 3.17e-001; 2.29e-002
0.4424778761; 65.9292035398; -6.76e-001; 3.23e-001; 1.93e-002
0.4424778761; 66.3716814159; -6.77e-001; 3.30e-001; 1.56e-002
0.4424778761; 66.814159292; -6.80e-001; 3.38e-001; 1.18e-002
0.4424778761; 67.2566371681; -6.84e-001; 3.47e-001; 7.85e-003
0.4424778761; 67.6991150442; -6.90e-001; 3.56e-001; 3.77e-003
0.4424778761; 68.1415929204; -6.98e-001; 3.66e-001; -4.53e-004
0.4424778761; 68.5840707965; -7.08e-001; 3.77e-001; -4.83e-003
0.4424778761; 69.0265486726; -7.18e-001; 3.86e-001; -9.36e-003
0.4424778761; 69.4690265487; -7.30e-001; 3.95e-001; -1.40e-002
0.4424778761; 69.9115044248; -7.44e-001; 4.02e-001; -1.89e-002
0.4424778761; 70.3539823009; -7.58e-001; 4.08e-001; -2.38e-002
0.4424778761; 70.796460177; -7.72e-001; 4.11e-001; -2.89e-002
0.4424778761; 71.2389380531; -7.87e-001; 4.11e-001; -3.40e-002
0.4424778761; 71.6814159292; -8.03e-001; 4.08e-001; -3.92e-002
0.4424778761; 72.1238938053; -8.18e-001; 4.02e-001; -4.45e-002
0.4424778761; 72.5663716814; -8.33e-001; 3.92e-001; -4.96e-002
0.4424778761; 73.0088495575; -8.48e-001; 3.80e-001; -5.47e-002
0.4424778761; 73.4513274336; -8.61e-001; 3.64e-001; -5.96e-002
0.4424778761; 73.8938053097; -8.74e-001; 3.46e-001; -6.42e-002
0.4424778761; 74.3362831858; -8.86e-001; 3.25e-001; -6.84e-002
0.4424778761; 74.7787610619; -8.96e-001; 3.01e-001; -7.24e-002
0.4424778761; 75.2212389381; -9.04e-001; 2.75e-001; -7.59e-002
0.4424778761; 75.6637168142; -9.11e-001; 2.48e-001; -7.89e-002
0.4424778761; 76.1061946903; -9.16e-001; 2.18e-001; -8.14e-002
0.4424778761; 76.5486725664; -9.19e-001; 1.88e-001; -8.34e-002
0.4424778761; 76.9911504425; -9.20e-001; 1.57e-001; -8.48e-002
0.4424778761; 77.4336283186; -9.19e-001; 1.25e-001; -8.55e-002
0.4424778761; 77.8761061947; -9.17e-001; 9.34e-002; -8.56e-002
0.4424778761; 78.3185840708; -9.13e-001; 6.22e-002; -8.49e-002
0.4424778761; 78.7610619469; -9.09e-001; 3.20e-002; -8.35e-002
0.4424778761; 79.203539823; -9.03e-001; 2.88e-003; -8.15e-002
0.4424778761; 79.6460176991; -8.97e-001; -2.49e-002; -7.88e-002
0.4424778761; 80.0884955752; -8.91e-001; -5.12e-002; -7.56e-002
0.4424778761; 80.5309734513; -8.85e-001; -7.62e-002; -7.19e-002
0.4424778761; 80.9734513274; -8.78e-001; -9.99e-002; -6.77e-002
0.4424778761; 81.4159292035; -8.72e-001; -1.22e-001; -6.35e-002
0.4424778761; 81.8584070796; -8.67e-001; -1.44e-001; -5.79e-002
0.4424778761; 82.3008849558; -8.61e-001; -1.63e-001; -5.25e-002
0.4424778761; 82.7433628319; -8.57e-001; -1.82e-001; -4.67e-002
0.4424778761; 83.185840708; -8.54e-001; -1.99e-001; -4.06e-002
0.4424778761; 83.6283185841; -8.51e-001; -2.15e-001; -3.42e-002
0.4424778761; 84.0707964602; -8.50e-001; -2.29e-001; -2.76e-002
0.4424778761; 84.5132743363; -8.51e-001; -2.42e-001; -2.08e-002
0.4424778761; 84.9557522124; -8.53e-001; -2.52e-001; -1.38e-002
0.4424778761; 85.3982300885; -8.56e-001; -2.61e-001; -6.51e-003
0.4424778761; 85.8407079646; -8.61e-001; -2.67e-001; 9.27e-004
0.4424778761; 86.2831858407; -8.68e-001; -2.70e-001; 8.52e-003
0.4424778761; 86.7256637168; -8.76e-001; -2.70e-001; 1.62e-002
0.4424778761; 87.1681415929; -8.85e-001; -2.67e-001; 2.39e-002
0.4424778761; 87.610619469; -8.95e-001; -2.63e-001; 3.15e-002
0.4424778761; 88.0530973451; -9.05e-001; -2.50e-001; 3.89e-002
0.4424778761; 88.4955752212; -9.14e-001; -2.35e-001; 4.60e-002
0.4424778761; 88.9380530973; -9.23e-001; -2.17e-001; 5.26e-002
0.4424778761; 89.3805309735; -9.31e-001; -1.96e-001; 5.87e-002
0.4424778761; 89.8230088496; -9.38e-001; -1.72e-001; 6.41e-002
0.4424778761; 90.2654867257; -9.42e-001; -1.46e-001; 6.90e-002
0.4424778761; 90.7079646018; -9.45e-001; -1.17e-001; 7.32e-002
0.4424778761; 91.1504424779; -9.46e-001; -8.72e-002; 7.67e-002
0.4424778761; 91.592920354; -9.45e-001; -5.63e-002; 7.96e-002
0.4424778761; 92.0353982301; -9.43e-001; -2.47e-002; 8.18e-002
0.4424778761; 92.4778761062; -9.39e-001; 7.32e-003; 8.34e-002
0.4424778761; 92.9203539823; -9.35e-001; 3.94e-002; 8.44e-002
0.4424778761; 93.3628318584; -9.29e-001; 7.15e-002; 8.47e-002
0.4424778761; 93.8053097345; -9.22e-001; 1.03e-001; 8.45e-002
0.4424778761; 94.2477876106; -9.14e-001; 1.35e-001; 8.36e-002
0.4424778761; 94.6902654867; -9.06e-001; 1.66e-001; 8.22e-002
0.4424778761; 95.1327433628; -8.97e-001; 1.96e-001; 8.03e-002
0.4424778761; 95.5752212389; -8.88e-001; 2.26e-001; 7.78e-002
0.4424778761; 96.017699115; -8.79e-001; 2.54e-001; 7.48e-002
0.4424778761; 96.4601769912; -8.69e-001; 2.81e-001; 7.12e-002
0.4424778761; 96.9026548673; -8.60e-001; 3.08e-001; 6.71e-002
0.4424778761; 97.3451327434; -8.52e-001; 3.32e-001; 6.25e-002
0.4424778761; 97.7876106195; -8.44e-001; 3.55e-001; 5.73e-002
0.4424778761; 98.2300884956; -8.38e-001; 3.77e-001; 5.18e-002
0.4424778761; 98.6725663717; -8.32e-001; 3.96e-001; 4.58e-002
0.4424778761; 99.1150442478; -8.28e-001; 4.14e-001; 3.94e-002
0.4424778761; 99.5575221239; -8.25e-001; 4.29e-001; 3.26e-002
0.4424778761; 100; -8.24e-001; 4.42e-001; 2.56e-002
0.4424778761; 100.4424778761; -8.24e-001; 4.53e-001; 1.83e-002
0.4424778761; 100.8849557522; -8.25e-001; 4.60e-001; 1.08e-002
0.4424778761; 101.3274336283; -8.28e-001; 4.66e-001; 3.23e-003
0.4424778761; 101.7699115044; -8.33e-001; 4.68e-001; -4.39e-003
0.4424778761; 102.2123893805; -8.39e-001; 4.67e-001; -1.20e-002
0.4424778761; 102.6548672566; -8.46e-001; 4.64e-001; -1.94e-002
0.4424778761; 103.0973451327; -8.54e-001; 4.57e-001; -2.67e-002
0.4424778761; 103.5398230089; -8.62e-001; 4.47e-001; -3.38e-002
0.4424778761; 103.982300885; -8.71e-001; 4.34e-001; -4.06e-002
0.4424778761; 104.4247787611; -8.80e-001; 4.18e-001; -4.70e-002
0.4424778761; 104.8672566372; -8.89e-001; 3.98e-001; -5.30e-002
0.4424778761; 105.3097345133; -8.97e-001; 3.76e-001; -5.85e-002
0.4424778761; 105.7522123894; -9.04e-001; 3.52e-001; -6.34e-002
0.4424778761; 106.1946902655; -9.10e-001; 3.25e-001; -6.78e-002
0.4424778761; 106.6371681416; -9.15e-001; 2.96e-001; -7.14e-002
0.4424778761; 107.0796460177; -9.19e-001; 2.66e-001; -7.42e-002
0.4424778761; 107.5221238938; -9.21e-001; 2.34e-001; -7.63e-002
0.4424778761; 107.9646017699; -9.23e-001; 2.02e-001; -7.76e-002
0.4424778761; 108.407079646; -9.23e-001; 1.69e-001; -7.80e-002
0.4424778761; 108.8495575221; -9.22e-001; 1.37e-001; -7.77e-002
0.4424778761; 109.2920353982; -9.20e-001; 1.05e-001; -7.65e-002
0.4424778761; 109.7345132743; -9.17e-001; 7.38e-002; -7.46e-002
0.4424778761; 110.1769911504; -9.14e-001; 4.38e-002; -7.19e-002
0.4424778761; 110.6194690265; -9.10e-001; 1.53e-002; -6.86e-002
0.4424778761; 111.0619469027; -9.06e-001; -1.14e-002; -6.46e-002
0.4424778761; 111.5044247788; -9.03e-001; -3.61e-002; -6.67e-002
0.4424778761; 111.9469026549; -9.00e-001; -5.86e-002; -5.53e-002
0.4424778761; 112.389380531; -8.97e-001; -7.89e-002; -4.95e-002
0.4424778761; 112.8318584071; -8.95e-001; -9.69e-002; -4.36e-002
0.4424778761; 113.2743362832; -8.94e-001; -1.12e-001; -3.73e-002
0.4424778761; 113.7168141593; -8.93e-001; -1.26e-001; -3.08e-002
0.4424778761; 114.1592920354; -8.94e-001; -1.36e-001; -2.41e-002
0.4424778761; 114.6017699115; -8.96e-001; -1.44e-001; -1.73e-002
0.4424778761; 115.0442477876; -8.99e-001; -1.50e-001; -1.04e-002
0.4424778761; 115.4867256637; -9.03e-001; -1.53e-001; -3.49e-003
0.4424778761; 115.9292035398; -9.09e-001; -1.54e-001; 3.39e-003
0.4424778761; 116.3716814159; -9.15e-001; -1.52e-001; 1.02e-002
0.4424778761; 116.814159292; -9.22e-001; -1.47e-001; 1.68e-002
0.4424778761; 117.2566371681; -9.29e-001; -1.39e-001; 2.33e-002
0.4424778761; 117.6991150442; -9.37e-001; -1.29e-001; 2.95e-002
0.4424778761; 118.1415929204; -9.44e-001; -1.16e-001; 3.54e-002
0.4424778761; 118.5840707965; -9.51e-001; -1.45e-001; 4.08e-002
0.4424778761; 119.0265486726; -9.58e-001; -8.24e-002; 4.58e-002
0.4424778761; 119.4690265487; -9.63e-001; -6.21e-002; 5.03e-002
0.4424778761; 119.9115044248; -9.68e-001; -3.99e-002; 5.41e-002
0.4424778761; 120.3539823009; -9.71e-001; -1.60e-002; 5.72e-002
0.4424778761; 120.796460177; -9.72e-001; 9.10e-003; 5.96e-002
0.4424778761; 121.2389380531; -9.72e-001; 3.49e-002; 6.13e-002
0.4424778761; 121.6814159292; -9.71e-001; 6.12e-002; 6.23e-002
0.4424778761; 122.1238938053; -9.69e-001; 8.76e-002; 6.25e-002
0.4424778761; 122.5663716814; -9.65e-001; 1.14e-001; 6.21e-002
0.4424778761; 123.0088495575; -9.60e-001; 1.39e-001; 6.10e-002
0.4424778761; 123.4513274336; -9.55e-001; 1.64e-001; 5.93e-002
0.4424778761; 123.8938053097; -9.49e-001; 1.88e-001; 5.70e-002
0.4424778761; 124.3362831858; -9.43e-001; 2.11e-001; 5.42e-002
0.4424778761; 124.7787610619; -9.36e-001; 2.33e-001; 5.10e-002
0.4424778761; 125.2212389381; -9.32e-001; 2.53e-001; 4.73e-002
0.4424778761; 125.6637168142; -9.24e-001; 2.71e-001; 4.33e-002
0.4424778761; 126.1061946903; -9.19e-001; 2.88e-001; 3.89e-002
0.4424778761; 126.5486725664; -9.14e-001; 3.04e-001; 3.42e-002
0.4424778761; 126.9911504425; -9.20e-001; 3.17e-001; 2.92e-002
0.4424778761; 127.4336283186; -9.07e-001; 3.28e-001; 2.40e-002
0.4424778761; 127.8761061947; -9.05e-001; 3.38e-001; 1.86e-002
0.4424778761; 128.3185840708; -9.04e-001; 3.45e-001; 1.29e-002
0.4424778761; 128.7610619469; -9.04e-001; 3.50e-001; 7.16e-003
0.4424778761; 129.203539823; -9.05e-001; 3.52e-001; 1.26e-003
0.4424778761; 129.6460176991; -9.07e-001; 3.52e-001; -4.71e-003
0.4424778761; 130.0884955752; -9.10e-001; 3.52e-001; -1.08e-002
0.4424778761; 130.5309734513; -9.14e-001; 3.45e-001; -1.67e-002
0.4424778761; 130.9734513274; -9.18e-001; 3.38e-001; -2.26e-002
0.4424778761; 131.4159292035; -9.23e-001; 3.28e-001; -2.83e-002
0.4424778761; 131.8584070796; -9.28e-001; 3.16e-001; -3.38e-002
0.4424778761; 132.3008849558; -9.34e-001; 3.01e-001; -3.91e-002
0.4424778761; 132.7433628319; -9.39e-001; 2.84e-001; -4.41e-002
0.4424778761; 133.185840708; -9.44e-001; 2.65e-001; -4.86e-002
0.4424778761; 133.6283185841; -9.49e-001; 2.43e-001; -5.27e-002
0.4424778761; 134.0707964602; -9.54e-001; 2.20e-001; -5.63e-002
0.4424778761; 134.5132743363; -9.58e-001; 1.96e-001; -5.94e-002
0.4424778761; 134.9557522124; -9.62e-001; 1.70e-001; -6.18e-002
0.4424778761; 135.3982300885; -9.66e-001; 1.43e-001; -6.36e-002
0.4424778761; 135.8407079646; -9.69e-001; 1.15e-001; -6.47e-002
0.4424778761; 136.2831858407; -9.72e-001; 8.77e-002; -6.51e-002
0.4424778761; 136.7256637168; -9.73e-001; 5.99e-002; -6.47e-002
0.4424778761; 137.1681415929; -9.75e-001; 3.24e-002; -6.37e-002
0.4424778761; 137.610619469; -9.75e-001; 5.52e-003; -6.19e-002
0.4424778761; 138.0530973451; -9.75e-001; -2.04e-002; -5.93e-002
0.4424778761; 138.4955752212; -9.75e-001; -4.51e-002; -5.61e-002
0.4424778761; 138.9380530973; -9.73e-001; -6.82e-002; -5.22e-002
0.4424778761; 139.3805309735; -9.72e-001; -8.95e-002; -4.76e-002
0.4424778761; 139.8230088496; -9.70e-001; -1.09e-001; -4.24e-002
0.4424778761; 140.2654867257; -9.67e-001; -1.26e-001; -3.67e-002
0.4424778761; 140.7079646018; -9.65e-001; -1.40e-001; -3.06e-002
0.4424778761; 141.1504424779; -9.63e-001; -1.52e-001; -2.40e-002
0.4424778761; 141.592920354; -9.61e-001; -1.60e-001; -1.72e-002
0.4424778761; 142.0353982301; -9.59e-001; -1.66e-001; -1.02e-002
0.4424778761; 142.4778761062; -9.58e-001; -1.70e-001; -3.12e-003
0.4424778761; 142.9203539823; -9.58e-001; -1.70e-001; 4.01e-003
0.4424778761; 143.3628318584; -9.58e-001; -1.67e-001; 1.11e-002
0.4424778761; 143.8053097345; -9.58e-001; -1.61e-001; 1.80e-002
0.4424778761; 144.2477876106; -9.60e-001; -1.52e-001; 2.48e-002
0.4424778761; 144.6902654867; -9.61e-001; -1.42e-001; 3.12e-002
0.4424778761; 145.1327433628; -9.63e-001; -1.27e-001; 3.74e-002
0.4424778761; 145.5752212389; -9.66e-001; -1.10e-001; 4.30e-002
0.4424778761; 146.017699115; -9.68e-001; -9.10e-002; 4.82e-002
0.4424778761; 146.4601769912; -9.71e-001; -6.97e-002; 5.28e-002
0.4424778761; 146.9026548673; -9.73e-001; -4.65e-002; 5.69e-002
0.4424778761; 147.3451327434; -9.75e-001; -2.16e-002; 6.04e-002
0.4424778761; 147.7876106195; -9.76e-001; 4.74e-003; 6.31e-002
0.4424778761; 148.2300884956; -9.77e-001; 3.21e-002; 6.52e-002
0.4424778761; 148.6725663717; -9.77e-001; 6.03e-002; 6.66e-002
0.4424778761; 149.1150442478; -9.76e-001; 8.89e-002; 6.72e-002
0.4424778761; 149.5575221239; -9.74e-001; 1.18e-001; 6.72e-002
0.4424778761; 150; -9.71e-001; 1.46e-001; 6.64e-002
0.4424778761; 150.4424778761; -9.68e-001; 1.74e-001; 6.49e-002
0.4424778761; 150.8849557522; -9.64e-001; 2.01e-001; 6.29e-002
0.4424778761; 151.3274336283; -9.59e-001; 2.27e-001; 6.02e-002
0.4424778761; 151.7699115044; -9.55e-001; 2.52e-001; 5.69e-002
0.4424778761; 152.2123893805; -9.49e-001; 2.75e-001; 5.31e-002
0.4424778761; 152.6548672566; -9.43e-001; 2.96e-001; 4.89e-002
0.4424778761; 153.0973451327; -9.38e-001; 3.16e-001; 4.42e-002
0.4424778761; 153.5398230089; -9.34e-001; 3.33e-001; 3.92e-002
0.4424778761; 153.982300885; -9.28e-001; 3.48e-001; 3.38e-002
0.4424778761; 154.4247787611; -9.24e-001; 3.61e-001; 2.83e-002
0.4424778761; 154.8672566372; -9.20e-001; 3.72e-001; 2.25e-002
0.4424778761; 155.3097345133; -9.17e-001; 3.79e-001; 1.66e-002
0.4424778761; 155.7522123894; -9.15e-001; 3.85e-001; 1.07e-002
0.4424778761; 156.1946902655; -9.13e-001; 3.88e-001; 4.66e-003
0.4424778761; 156.6371681416; -9.13e-001; 3.89e-001; -1.32e-003
0.4424778761; 157.0796460177; -9.13e-001; 3.87e-001; -7.23e-003
0.4424778761; 157.5221238938; -9.14e-001; 3.82e-001; -1.34e-002
0.4424778761; 157.9646017699; -9.16e-001; 3.76e-001; -1.86e-002
0.4424778761; 158.407079646; -9.19e-001; 3.67e-001; -2.40e-002
0.4424778761; 158.8495575221; -9.23e-001; 3.56e-001; -2.90e-002
0.4424778761; 159.2920353982; -9.27e-001; 3.43e-001; -3.38e-002
0.4424778761; 159.7345132743; -9.32e-001; 3.28e-001; -3.81e-002
0.4424778761; 160.1769911504; -9.37e-001; 3.11e-001; -4.21e-002
0.4424778761; 160.6194690265; -9.42e-001; 2.93e-001; -4.55e-002
0.4424778761; 161.0619469027; -9.47e-001; 2.72e-001; -4.85e-002
0.4424778761; 161.5044247788; -9.51e-001; 2.51e-001; -5.10e-002
0.4424778761; 161.9469026549; -9.56e-001; 2.29e-001; -5.29e-002
0.4424778761; 162.389380531; -9.60e-001; 2.06e-001; -5.43e-002
0.4424778761; 162.8318584071; -9.63e-001; 1.82e-001; -5.51e-002
0.4424778761; 163.2743362832; -9.66e-001; 1.58e-001; -5.53e-002
0.4424778761; 163.7168141593; -9.68e-001; 1.34e-001; -5.50e-002
0.4424778761; 164.1592920354; -9.70e-001; 1.11e-001; -5.42e-002
0.4424778761; 164.6017699115; -9.71e-001; 8.77e-002; -5.28e-002
0.4424778761; 165.0442477876; -9.72e-001; 6.54e-002; -5.09e-002
0.4424778761; 165.4867256637; -9.72e-001; 4.40e-002; -4.85e-002
0.4424778761; 165.9292035398; -9.72e-001; 2.38e-002; -4.56e-002
0.4424778761; 166.3716814159; -9.71e-001; 4.99e-003; -4.23e-002
0.4424778761; 166.814159292; -9.71e-001; -1.22e-002; -3.87e-002
0.4424778761; 167.2566371681; -9.70e-001; -2.77e-002; -3.46e-002
0.4424778761; 167.6991150442; -9.70e-001; -4.14e-002; -3.03e-002
0.4424778761; 168.1415929204; -9.69e-001; -5.30e-002; -2.57e-002
0.4424778761; 168.5840707965; -9.69e-001; -6.25e-002; -2.08e-002
0.4424778761; 169.0265486726; -9.68e-001; -6.99e-002; -1.58e-002
0.4424778761; 169.4690265487; -9.68e-001; -7.50e-002; -1.07e-002
0.4424778761; 169.9115044248; -9.69e-001; -7.80e-002; -5.55e-003
0.4424778761; 170.3539823009; -9.69e-001; -7.87e-002; -3.81e-004
0.4424778761; 170.796460177; -9.71e-001; -7.72e-002; 4.74e-003
0.4424778761; 171.2389380531; -9.72e-001; -7.36e-002; 9.77e-003
0.4424778761; 171.6814159292; -9.74e-001; -6.78e-002; 1.46e-002
0.4424778761; 172.1238938053; -9.76e-001; -6.40e-002; 1.93e-002
0.4424778761; 172.5663716814; -9.78e-001; -5.03e-002; 2.37e-002
0.4424778761; 173.0088495575; -9.90e-001; -3.88e-002; 2.78e-002
0.4424778761; 173.4513274336; -9.82e-001; -2.56e-002; 3.15e-002
0.4424778761; 173.8938053097; -9.84e-001; -1.09e-002; 3.49e-002
0.4424778761; 174.3362831858; -9.86e-001; 5.21e-003; 3.78e-002
0.4424778761; 174.7787610619; -9.87e-001; 2.24e-002; 4.02e-002
0.4424778761; 175.2212389381; -9.88e-001; 4.06e-002; 4.22e-002
0.4424778761; 175.6637168142; -9.88e-001; 5.94e-002; 4.35e-002
0.4424778761; 176.1061946903; -9.87e-001; 7.88e-002; 4.44e-002
0.4424778761; 176.5486725664; -9.87e-001; 9.83e-002; 4.47e-002
0.4424778761; 176.9911504425; -9.85e-001; 1.18e-001; 4.44e-002
0.4424778761; 178.7610619469; -9.75e-001; 1.90e-001; 3.83e-002
0.4424778761; 179.203539823; -9.72e-001; 2.06e-001; 3.56e-002
0.4424778761; 179.6460176991; -9.69e-001; 2.21e-001; 3.25e-002
0.4424778761; 180.0884955752; -9.66e-001; 2.34e-001; 2.91e-002
0.4424778761; 180.5309734513; -9.63e-001; 2.45e-001; 2.53e-002
0.4424778761; 180.9734513274; -9.60e-001; 2.55e-001; 2.14e-002
0.4424778761; 181.4159292035; -9.58e-001; 2.63e-001; 1.72e-002
0.4424778761; 181.8584070796; -9.56e-001; 2.69e-001; 1.29e-002
0.4424778761; 182.3008849558; -9.55e-001; 2.73e-001; 8.53e-003
0.4424778761; 182.7433628319; -9.54e-001; 2.76e-001; 4.11e-003
0.4424778761; 183.185840708; -9.53e-001; 2.76e-001; -2.86e-004
0.4424778761; 183.6283185841; -9.54e-001; 2.75e-001; -4.61e-003
0.4424778761; 184.0707964602; -9.54e-001; 2.72e-001; -8.81e-003
0.4424778761; 184.5132743363; -9.56e-001; 2.68e-001; -1.28e-002
0.4424778761; 184.9557522124; -9.58e-001; 2.61e-001; -1.67e-002
0.4424778761; 185.3982300885; -9.60e-001; 2.54e-001; -2.02e-002
0.4424778761; 185.8407079646; -9.62e-001; 2.44e-001; -2.35e-002
0.4424778761; 186.2831858407; -9.65e-001; 2.34e-001; -2.65e-002
0.4424778761; 186.7256637168; -9.68e-001; 2.22e-001; -2.91e-002
0.4424778761; 187.1681415929; -9.71e-001; 2.09e-001; -3.13e-002
0.4424778761; 187.610619469; -9.74e-001; 1.95e-001; -3.32e-002
0.4424778761; 188.0530973451; -9.77e-001; 1.80e-001; -3.47e-002
0.4424778761; 188.4955752212; -9.79e-001; 1.65e-001; -3.58e-002
0.4424778761; 188.9380530973; -9.81e-001; 1.49e-001; -3.65e-002
0.4424778761; 189.3805309735; -9.83e-001; 1.33e-001; -3.68e-002
0.4424778761; 189.8230088496; -9.85e-001; 1.17e-001; -3.66e-002
0.4424778761; 190.2654867257; -9.86e-001; 1.01e-001; -3.61e-002
0.4424778761; 190.7079646018; -9.87e-001; 8.55e-002; -3.51e-002
0.4424778761; 191.1504424779; -9.87e-001; 7.03e-002; -3.38e-002
0.4424778761; 191.592920354; -9.87e-001; 5.58e-002; -3.21e-002
0.4424778761; 192.0353982301; -9.87e-001; 4.21e-002; -3.01e-002
0.4424778761; 192.4778761062; -9.86e-001; 2.93e-002; -2.78e-002
0.4424778761; 192.9203539823; -9.85e-001; 1.75e-002; -2.51e-002
0.4424778761; 193.3628318584; -9.84e-001; 7.05e-003; -2.22e-002
0.4424778761; 193.8053097345; -9.83e-001; -2.12e-003; -1.91e-002
0.4424778761; 194.2477876106; -9.82e-001; -9.86e-003; -1.57e-002
0.4424778761; 194.6902654867; -9.81e-001; -1.61e-002; -1.21e-002
0.4424778761; 195.1327433628; -9.80e-001; -2.08e-002; -8.47e-003
0.4424778761; 195.5752212389; -9.79e-001; -2.38e-002; -4.78e-003
0.4424778761; 196.017699115; -9.78e-001; -2.52e-002; -8.77e-004
0.4424778761; 196.4601769912; -9.78e-001; -2.49e-002; 2.96e-003
0.4424778761; 196.9026548673; -9.77e-001; -2.30e-002; 6.77e-003
0.4424778761; 197.3451327434; -9.77e-001; -1.94e-002; 1.05e-002
0.4424778761; 197.7876106195; -9.76e-001; -1.42e-002; 1.41e-002
0.4424778761; 198.2300884956; -9.76e-001; -7.49e-003; 1.76e-002
0.4424778761; 198.6725663717; -9.76e-001; 7.02e-004; 2.09e-002
0.4424778761; 199.1150442478; -9.76e-001; 1.03e-002; 2.40e-002
0.4424778761; 199.5575221239; -9.77e-001; 2.12e-002; 2.68e-002
0.4424778761; 200; -9.77e-001; 3.32e-002; 2.93e-002
0.4424778761; 200.4424778761; -9.77e-001; 4.63e-002; 3.15e-002
0.4424778761; 200.8849557522; -9.77e-001; 6.03e-002; 3.34e-002
0.4424778761; 201.3274336283; -9.77e-001; 7.51e-002; 3.49e-002
0.4424778761; 201.7699115044; -9.77e-001; 9.05e-002; 3.60e-002
0.4424778761; 202.2123893805; -9.77e-001; 1.06e-001; 3.67e-002
0.4424778761; 202.6548672566; -9.77e-001; 1.22e-001; 3.70e-002
0.4424778761; 203.0973451327; -9.76e-001; 1.38e-001; 3.69e-002
0.4424778761; 203.5398230089; -9.75e-001; 1.54e-001; 3.64e-002
0.4424778761; 203.982300885; -9.74e-001; 1.70e-001; 3.55e-002
0.4424778761; 204.4247787611; -9.72e-001; 1.85e-001; 3.42e-002
0.4424778761; 204.8672566372; -9.70e-001; 1.99e-001; 3.25e-002
0.4424778761; 205.3097345133; -9.68e-001; 2.13e-001; 3.05e-002
0.4424778761; 205.7522123894; -9.66e-001; 2.26e-001; 2.81e-002
0.4424778761; 206.1946902655; -9.64e-001; 2.37e-001; 2.54e-002
0.4424778761; 206.6371681416; -9.62e-001; 2.48e-001; 2.25e-002
0.4424778761; 207.0796460177; -9.60e-001; 2.57e-001; 1.94e-002
0.4424778761; 207.5221238938; -9.58e-001; 2.64e-001; 1.61e-002
0.4424778761; 207.9646017699; -9.56e-001; 2.70e-001; 1.26e-002
0.4424778761; 208.407079646; -9.55e-001; 2.75e-001; 9.09e-003
0.4424778761; 208.8495575221; -9.54e-001; 2.78e-001; 5.50e-003
0.4424778761; 209.2920353982; -9.53e-001; 2.80e-001; 1.87e-003
0.4424778761; 209.7345132743; -9.53e-001; 2.80e-001; -1.72e-003
0.4424778761; 210.1769911504; -9.54e-001; 2.78e-001; -5.26e-003
0.4424778761; 210.6194690265; -9.55e-001; 2.75e-001; -8.70e-003
0.4424778761; 211.0619469027; -9.56e-001; 2.71e-001; -1.27e-002
0.4424778761; 211.5044247788; -9.57e-001; 2.65e-001; -1.52e-002
0.4424778761; 211.9469026549; -9.59e-001; 2.58e-001; -1.81e-002
0.4424778761; 212.389380531; -9.61e-001; 2.50e-001; -2.09e-002
0.4424778761; 212.8318584071; -9.64e-001; 2.41e-001; -2.34e-002
0.4424778761; 213.2743362832; -9.67e-001; 2.30e-001; -2.57e-002
0.4424778761; 213.7168141593; -9.69e-001; 2.19e-001; -2.76e-002
0.4424778761; 214.1592920354; -9.72e-001; 2.07e-001; -2.94e-002
0.4424778761; 214.6017699115; -9.75e-001; 1.94e-001; -3.08e-002
0.4424778761; 215.0442477876; -9.77e-001; 1.81e-001; -3.19e-002
0.4424778761; 215.4867256637; -9.79e-001; 1.67e-001; -3.26e-002
0.4424778761; 215.9292035398; -9.82e-001; 1.53e-001; -3.31e-002
0.4424778761; 216.3716814159; -9.83e-001; 1.39e-001; -3.32e-002
0.4424778761; 216.814159292; -9.85e-001; 1.24e-001; -3.30e-002
0.4424778761; 217.2566371681; -9.86e-001; 1.15e-001; -3.25e-002
0.4424778761; 217.6991150442; -9.87e-001; 9.62e-002; -3.16e-002
0.4424778761; 218.1415929204; -9.88e-001; 8.27e-002; -3.05e-002
0.4424778761; 218.5840707965; -9.88e-001; 6.99e-002; -2.90e-002
0.4424778761; 219.0265486726; -9.89e-001; 5.77e-002; -2.73e-002
0.4424778761; 219.4690265487; -9.89e-001; 4.64e-002; -2.53e-002
0.4424778761; 219.9115044248; -9.88e-001; 3.60e-002; -2.31e-002
0.4424778761; 220.3539823009; -9.88e-001; 2.67e-002; -2.06e-002
0.4424778761; 220.796460177; -9.88e-001; 1.85e-002; -1.79e-002
0.4424778761; 221.2389380531; -9.88e-001; 1.14e-002; -1.51e-002
0.4424778761; 221.6814159292; -9.87e-001; 5.69e-003; -1.22e-002
0.4424778761; 222.1238938053; -9.87e-001; 1.26e-003; -9.13e-003
0.4424778761; 222.5663716814; -9.87e-001; -1.83e-003; -6.02e-003
0.4424778761; 223.0088495575; -9.87e-001; -3.56e-003; -2.86e-003
0.4424778761; 223.4513274336; -9.87e-001; -3.92e-003; 2.98e-004
0.4424778761; 223.8938053097; -9.87e-001; -2.92e-003; 3.43e-003
0.4424778761; 224.3362831858; -9.87e-001; -5.90e-004; 6.51e-003
0.4424778761; 224.7787610619; -9.87e-001; 3.04e-003; 9.50e-003
0.4424778761; 225.2212389381; -9.88e-001; 7.92e-003; 1.24e-002
0.4424778761; 225.6637168142; -9.88e-001; 1.40e-002; 1.51e-002
0.4424778761; 226.1061946903; -9.88e-001; 2.12e-002; 1.76e-002
0.4424778761; 226.5486725664; -9.88e-001; 2.94e-002; 2.00e-002
0.4424778761; 226.9911504425; -9.89e-001; 3.85e-002; 2.21e-002
0.4424778761; 227.4336283186; -9.89e-001; 4.85e-002; 2.39e-002
0.4424778761; 227.8761061947; -9.88e-001; 5.92e-002; 2.55e-002
0.4424778761; 228.3185840708; -9.88e-001; 7.05e-002; 2.68e-002
0.4424778761; 228.7610619469; -9.88e-001; 8.22e-002; 2.78e-002
0.4424778761; 229.203539823; -9.87e-001; 9.43e-002; 2.84e-002
0.4424778761; 229.6460176991; -9.87e-001; 1.07e-001; 2.88e-002
0.4424778761; 230.0884955752; -9.86e-001; 1.19e-001; 2.88e-002
0.4424778761; 230.5309734513; -9.84e-001; 1.31e-001; 2.85e-002
0.4424778761; 230.9734513274; -9.83e-001; 1.43e-001; 2.80e-002
0.4424778761; 231.4159292035; -9.82e-001; 1.55e-001; 2.70e-002
0.4424778761; 231.8584070796; -9.80e-001; 1.66e-001; 2.58e-002
0.4424778761; 232.3008849558; -9.79e-001; 1.77e-001; 2.43e-002
0.4424778761; 232.7433628319; -9.77e-001; 1.87e-001; 2.26e-002
0.4424778761; 233.185840708; -9.75e-001; 1.96e-001; 2.07e-002
0.4424778761; 233.6283185841; -9.74e-001; 2.04e-001; 1.86e-002
0.4424778761; 234.0707964602; -9.72e-001; 2.12e-001; 1.63e-002
0.4424778761; 234.5132743363; -9.71e-001; 2.18e-001; 1.39e-002
0.4424778761; 234.9557522124; -9.70e-001; 2.23e-001; 1.14e-002
0.4424778761; 235.3982300885; -9.69e-001; 2.27e-001; 8.81e-003
0.4424778761; 235.8407079646; -9.68e-001; 2.31e-001; 6.18e-003
0.4424778761; 236.2831858407; -9.68e-001; 2.33e-001; 3.54e-003
0.4424778761; 236.7256637168; -9.67e-001; 2.34e-001; 9.14e-004
0.4424778761; 237.1681415929; -9.67e-001; 2.33e-001; -1.66e-003
0.4424778761; 237.610619469; -9.68e-001; 2.33e-001; -4.17e-003
0.4424778761; 238.0530973451; -9.68e-001; 2.30e-001; -6.57e-003
0.4424778761; 238.4955752212; -9.69e-001; 2.26e-001; -8.86e-003
0.4424778761; 238.9380530973; -9.70e-001; 2.22e-001; -1.14e-002
0.4424778761; 239.3805309735; -9.71e-001; 2.17e-001; -1.30e-002
0.4424778761; 239.8230088496; -9.72e-001; 2.11e-001; -1.48e-002
0.4424778761; 240.2654867257; -9.74e-001; 2.04e-001; -1.64e-002
0.4424778761; 240.7079646018; -9.74e-001; 1.97e-001; -1.78e-002
0.4424778761; 241.1504424779; -9.75e-001; 1.89e-001; -1.90e-002
0.4424778761; 241.592920354; -9.76e-001; 1.85e-001; -1.99e-002
0.4424778761; 242.0353982301; -9.77e-001; 1.71e-001; -2.07e-002
0.4424778761; 242.4778761062; -9.78e-001; 1.62e-001; -2.11e-002
0.4424778761; 242.9203539823; -9.79e-001; 1.53e-001; -2.14e-002
0.4424778761; 243.3628318584; -9.80e-001; 1.43e-001; -2.14e-002
0.4424778761; 243.8053097345; -9.80e-001; 1.34e-001; -2.13e-002
0.4424778761; 244.2477876106; -9.81e-001; 1.25e-001; -2.09e-002
0.4424778761; 244.6902654867; -9.81e-001; 1.15e-001; -2.02e-002
0.4424778761; 245.1327433628; -9.81e-001; 1.07e-001; -1.94e-002
0.4424778761; 245.5752212389; -9.81e-001; 9.83e-002; -1.85e-002
0.4424778761; 246.017699115; -9.81e-001; 9.04e-002; -1.73e-002
0.4424778761; 246.4601769912; -9.81e-001; 8.31e-002; -1.60e-002
0.4424778761; 246.9026548673; -9.81e-001; 7.64e-002; -1.45e-002
0.4424778761; 247.3451327434; -9.81e-001; 7.03e-002; -1.29e-002
0.4424778761; 247.7876106195; -9.81e-001; 6.53e-002; -1.12e-002
0.4424778761; 248.2300884956; -9.81e-001; 6.05e-002; -9.45e-003
0.4424778761; 248.6725663717; -9.81e-001; 5.67e-002; -7.57e-003
0.4424778761; 249.1150442478; -9.81e-001; 5.39e-002; -5.64e-003
0.4424778761; 249.5575221239; -9.81e-001; 5.19e-002; -3.67e-003
0.4424778761; 250; -9.82e-001; 5.08e-002; -1.67e-003
0.4424778761; 250.4424778761; -9.83e-001; 5.06e-002; 3.38e-004
0.4424778761; 250.8849557522; -9.82e-001; 5.13e-002; 2.33e-003
0.4424778761; 251.3274336283; -9.83e-001; 5.29e-002; 4.28e-003
0.4424778761; 251.7699115044; -9.83e-001; 5.53e-002; 6.17e-003
0.4424778761; 252.2123893805; -9.83e-001; 5.86e-002; 7.99e-003
0.4424778761; 252.6548672566; -9.84e-001; 6.27e-002; 9.71e-003
0.4424778761; 253.0973451327; -9.84e-001; 6.75e-002; 1.13e-002
0.4424778761; 253.5398230089; -9.84e-001; 7.31e-002; 1.28e-002
0.4424778761; 253.982300885; -9.84e-001; 7.91e-002; 1.41e-002
0.4424778761; 254.4247787611; -9.84e-001; 8.58e-002; 1.52e-002
0.4424778761; 254.8672566372; -9.85e-001; 9.29e-002; 1.62e-002
0.4424778761; 255.3097345133; -9.84e-001; 1.37e-001; 1.69e-002
0.4424778761; 255.7522123894; -9.84e-001; 1.08e-001; 1.75e-002
0.4424778761; 256.1946902655; -9.84e-001; 1.16e-001; 1.78e-002
0.4424778761; 256.6371681416; -9.84e-001; 1.24e-001; 1.79e-002
0.4424778761; 257.0796460177; -9.83e-001; 1.32e-001; 1.78e-002
0.4424778761; 257.5221238938; -9.83e-001; 1.40e-001; 1.75e-002
0.4424778761; 257.9646017699; -9.82e-001; 1.48e-001; 1.70e-002
0.4424778761; 258.407079646; -9.82e-001; 1.55e-001; 1.62e-002
0.4424778761; 258.8495575221; -9.81e-001; 1.62e-001; 1.53e-002
0.4424778761; 259.2920353982; -9.81e-001; 1.69e-001; 1.42e-002
0.4424778761; 259.7345132743; -9.80e-001; 1.75e-001; 1.29e-002
0.4424778761; 260.1769911504; -9.80e-001; 1.80e-001; 1.14e-002
0.4424778761; 260.6194690265; -9.79e-001; 1.85e-001; 9.84e-003
0.4424778761; 261.0619469027; -9.79e-001; 1.89e-001; 8.15e-003
0.4424778761; 261.5044247788; -9.78e-001; 1.92e-001; 6.35e-003
0.4424778761; 261.9469026549; -9.78e-001; 1.94e-001; 4.49e-003
0.4424778761; 262.389380531; -9.78e-001; 1.96e-001; 2.58e-003
0.4424778761; 262.8318584071; -9.78e-001; 1.96e-001; 6.49e-004
0.4424778761; 263.2743362832; -9.78e-001; 1.96e-001; -1.28e-003
0.4424778761; 263.7168141593; -9.78e-001; 1.95e-001; -3.19e-003
0.4424778761; 264.1592920354; -9.79e-001; 1.93e-001; -5.04e-003
0.4424778761; 264.6017699115; -9.79e-001; 1.91e-001; -6.83e-003
0.4424778761; 265.0442477876; -9.80e-001; 1.87e-001; -8.52e-003
0.4424778761; 265.4867256637; -9.80e-001; 1.83e-001; -1.91e-002
0.4424778761; 265.9292035398; -9.81e-001; 1.79e-001; -1.15e-002
0.4424778761; 266.3716814159; -9.82e-001; 1.73e-001; -1.28e-002
0.4424778761; 266.814159292; -9.83e-001; 1.68e-001; -1.39e-002
0.4424778761; 267.2566371681; -9.84e-001; 1.61e-001; -1.49e-002
0.4424778761; 267.6991150442; -9.85e-001; 1.55e-001; -1.57e-002
0.4424778761; 268.1415929204; -9.85e-001; 1.48e-001; -1.62e-002
0.4424778761; 268.5840707965; -9.86e-001; 1.40e-001; -1.66e-002
0.4424778761; 269.0265486726; -9.87e-001; 1.33e-001; -1.67e-002
0.4424778761; 269.4690265487; -9.87e-001; 1.26e-001; -1.67e-002
0.4424778761; 269.9115044248; -9.88e-001; 1.18e-001; -1.65e-002
0.4424778761; 270.3539823009; -9.88e-001; 1.11e-001; -1.60e-002
0.4424778761; 270.796460177; -9.88e-001; 1.04e-001; -1.54e-002
0.4424778761; 271.2389380531; -9.88e-001; 9.74e-002; -1.46e-002
0.4424778761; 271.6814159292; -9.88e-001; 9.11e-002; -1.37e-002
0.4424778761; 272.1238938053; -9.88e-001; 8.52e-002; -1.26e-002
0.4424778761; 272.5663716814; -9.88e-001; 7.99e-002; -1.13e-002
0.4424778761; 273.0088495575; -9.88e-001; 7.50e-002; -9.98e-003
0.4424778761; 273.4513274336; -9.88e-001; 7.08e-002; -8.52e-003
0.4424778761; 273.8938053097; -9.87e-001; 6.74e-002; -6.97e-003
0.4424778761; 274.3362831858; -9.87e-001; 6.45e-002; -5.35e-003
0.4424778761; 274.7787610619; -9.87e-001; 6.23e-002; -3.68e-003
0.4424778761; 275.2212389381; -9.87e-001; 6.10e-002; -1.97e-003
0.4424778761; 275.6637168142; -9.86e-001; 6.03e-002; -2.51e-004
0.4424778761; 276.1061946903; -9.86e-001; 6.05e-002; 1.47e-003
0.4424778761; 276.5486725664; -9.86e-001; 6.15e-002; 3.16e-003
0.4424778761; 276.9911504425; -9.85e-001; 6.30e-002; 4.82e-003
0.4424778761; 277.4336283186; -9.85e-001; 6.54e-002; 6.42e-003
0.4424778761; 277.8761061947; -9.85e-001; 6.85e-002; 7.94e-003
0.4424778761; 278.3185840708; -9.85e-001; 7.22e-002; 9.38e-003
0.4424778761; 278.7610619469; -9.84e-001; 7.66e-002; 1.07e-002
0.4424778761; 279.203539823; -9.84e-001; 8.15e-002; 1.19e-002
0.4424778761; 279.6460176991; -9.84e-001; 8.69e-002; 1.30e-002
0.4424778761; 280.0884955752; -9.84e-001; 9.28e-002; 1.40e-002
0.4424778761; 280.5309734513; -9.83e-001; 9.99e-002; 1.48e-002
0.4424778761; 280.9734513274; -9.83e-001; 1.06e-001; 1.54e-002
0.4424778761; 281.4159292035; -9.82e-001; 1.12e-001; 1.59e-002
0.4424778761; 281.8584070796; -9.82e-001; 1.19e-001; 1.62e-002
0.4424778761; 282.3008849558; -9.81e-001; 1.26e-001; 1.63e-002
0.4424778761; 282.7433628319; -9.81e-001; 1.34e-001; 1.63e-002
0.4424778761; 283.185840708; -9.80e-001; 1.41e-001; 1.60e-002
0.4424778761; 283.6283185841; -9.80e-001; 1.48e-001; 1.57e-002
0.4424778761; 284.0707964602; -9.79e-001; 1.54e-001; 1.51e-002
0.4424778761; 284.5132743363; -9.79e-001; 1.61e-001; 1.44e-002
0.4424778761; 284.9557522124; -9.78e-001; 1.67e-001; 1.36e-002
0.4424778761; 285.3982300885; -9.77e-001; 1.72e-001; 1.26e-002
0.4424778761; 285.8407079646; -9.77e-001; 1.78e-001; 1.14e-002
0.4424778761; 286.2831858407; -9.76e-001; 1.82e-001; 1.02e-002
0.4424778761; 286.7256637168; -9.76e-001; 1.86e-001; 8.84e-003
0.4424778761; 287.1681415929; -9.75e-001; 1.90e-001; 7.41e-003
0.4424778761; 287.610619469; -9.75e-001; 1.93e-001; 5.90e-003
0.4424778761; 288.0530973451; -9.75e-001; 1.95e-001; 4.35e-003
0.4424778761; 288.4955752212; -9.75e-001; 1.97e-001; 2.76e-003
0.4424778761; 288.9380530973; -9.75e-001; 1.97e-001; 1.16e-003
0.4424778761; 289.3805309735; -9.75e-001; 1.98e-001; -4.33e-004
0.4424778761; 289.8230088496; -9.75e-001; 1.97e-001; -2.76e-003
0.4424778761; 290.2654867257; -9.75e-001; 1.96e-001; -3.54e-003
0.4424778761; 290.7079646018; -9.75e-001; 1.94e-001; -5.02e-003
0.4424778761; 291.1504424779; -9.76e-001; 1.92e-001; -6.43e-003
0.4424778761; 291.592920354; -9.76e-001; 1.88e-001; -7.75e-003
0.4424778761; 292.0353982301; -9.77e-001; 1.85e-001; -8.97e-003
0.4424778761; 292.4778761062; -9.77e-001; 1.81e-001; -1.78e-002
0.4424778761; 292.9203539823; -9.78e-001; 1.76e-001; -1.11e-002
0.4424778761; 293.3628318584; -9.79e-001; 1.71e-001; -1.19e-002
0.4424778761; 293.8053097345; -9.80e-001; 1.66e-001; -1.27e-002
0.4424778761; 294.2477876106; -9.80e-001; 1.60e-001; -1.33e-002
0.4424778761; 294.6902654867; -9.81e-001; 1.55e-001; -1.37e-002
0.4424778761; 295.1327433628; -9.82e-001; 1.49e-001; -1.40e-002
0.4424778761; 295.5752212389; -9.82e-001; 1.42e-001; -1.42e-002
0.4424778761; 296.017699115; -9.83e-001; 1.36e-001; -1.42e-002
0.4424778761; 296.4601769912; -9.84e-001; 1.37e-001; -1.41e-002
0.4424778761; 296.9026548673; -9.84e-001; 1.24e-001; -1.39e-002
0.4424778761; 297.3451327434; -9.85e-001; 1.18e-001; -1.35e-002
0.4424778761; 297.7876106195; -9.85e-001; 1.12e-001; -1.30e-002
0.4424778761; 298.2300884956; -9.86e-001; 1.07e-001; -1.24e-002
0.4424778761; 298.6725663717; -9.86e-001; 1.02e-001; -1.17e-002
0.4424778761; 299.1150442478; -9.86e-001; 9.68e-002; -1.09e-002
0.4424778761; 299.5575221239; -9.87e-001; 9.23e-002; -9.94e-003
0.4424778761; 300; -9.87e-001; 8.83e-002; -8.94e-003
0.4424778761; 300.4424778761; -9.87e-001; 8.47e-002; -7.88e-003
0.4424778761; 300.8849557522; -9.87e-001; 8.16e-002; -6.75e-003
0.4424778761; 301.3274336283; -9.87e-001; 7.91e-002; -5.58e-003
0.4424778761; 301.7699115044; -9.88e-001; 7.80e-002; -4.37e-003
0.4424778761; 302.2123893805; -9.88e-001; 7.55e-002; -3.13e-003
0.4424778761; 302.6548672566; -9.88e-001; 7.45e-002; -1.88e-003
0.4424778761; 303.0973451327; -9.88e-001; 7.41e-002; -6.21e-004
0.4424778761; 303.5398230089; -9.88e-001; 7.43e-002; 6.28e-004
0.4424778761; 303.982300885; -9.88e-001; 7.49e-002; 1.86e-003
0.4424778761; 304.4247787611; -9.88e-001; 7.61e-002; 3.06e-003
0.4424778761; 304.8672566372; -9.88e-001; 7.78e-002; 4.22e-003
0.4424778761; 305.3097345133; -9.88e-001; 8.56e-002; 5.34e-003
0.4424778761; 305.7522123894; -9.88e-001; 8.27e-002; 6.39e-003
0.4424778761; 306.1946902655; -9.88e-001; 8.58e-002; 7.38e-003
0.4424778761; 306.6371681416; -9.88e-001; 8.93e-002; 8.28e-003
0.4424778761; 307.0796460177; -9.88e-001; 9.32e-002; 9.10e-003
0.4424778761; 307.5221238938; -9.88e-001; 9.74e-002; 9.82e-003
0.4424778761; 307.9646017699; -9.88e-001; 1.02e-001; 1.04e-002
0.4424778761; 308.407079646; -9.87e-001; 1.07e-001; 1.09e-002
0.4424778761; 308.8495575221; -9.87e-001; 1.11e-001; 1.13e-002
0.4424778761; 309.2920353982; -9.87e-001; 1.16e-001; 1.16e-002
0.4424778761; 309.7345132743; -9.86e-001; 1.21e-001; 1.17e-002
0.4424778761; 310.1769911504; -9.86e-001; 1.27e-001; 1.17e-002
0.4424778761; 310.6194690265; -9.86e-001; 1.32e-001; 1.16e-002
0.4424778761; 311.0619469027; -9.85e-001; 1.36e-001; 1.13e-002
0.4424778761; 311.5044247788; -9.85e-001; 1.41e-001; 1.09e-002
0.4424778761; 311.9469026549; -9.84e-001; 1.46e-001; 1.04e-002
0.4424778761; 312.389380531; -9.84e-001; 1.50e-001; 9.79e-003
0.4424778761; 312.8318584071; -9.83e-001; 1.54e-001; 9.07e-003
0.4424778761; 313.2743362832; -9.83e-001; 1.58e-001; 8.26e-003
0.4424778761; 313.7168141593; -9.83e-001; 1.61e-001; 7.36e-003
0.4424778761; 314.1592920354; -9.82e-001; 1.64e-001; 6.40e-003
0.4424778761; 314.6017699115; -9.82e-001; 1.66e-001; 5.38e-003
0.4424778761; 315.0442477876; -9.81e-001; 1.68e-001; 4.32e-003
0.4424778761; 315.4867256637; -9.81e-001; 1.70e-001; 3.23e-003
0.4424778761; 315.9292035398; -9.81e-001; 1.71e-001; 2.12e-003
0.4424778761; 316.3716814159; -9.81e-001; 1.71e-001; 1.02e-003
0.4424778761; 316.814159292; -9.80e-001; 1.71e-001; -7.42e-005
0.4424778761; 317.2566371681; -9.80e-001; 1.71e-001; -1.14e-003
0.4424778761; 317.6991150442; -9.80e-001; 1.70e-001; -2.17e-003
0.4424778761; 318.1415929204; -9.80e-001; 1.69e-001; -3.15e-003
0.4424778761; 318.5840707965; -9.80e-001; 1.67e-001; -4.07e-003
0.4424778761; 319.0265486726; -9.80e-001; 1.65e-001; -4.92e-003
0.4424778761; 319.4690265487; -9.80e-001; 1.63e-001; -5.70e-003
0.4424778761; 319.9115044248; -9.80e-001; 1.60e-001; -6.38e-003
0.4424778761; 320.3539823009; -9.81e-001; 1.57e-001; -6.98e-003
0.4424778761; 320.796460177; -9.81e-001; 1.54e-001; -7.48e-003
0.4424778761; 321.2389380531; -9.81e-001; 1.50e-001; -7.88e-003
0.4424778761; 321.6814159292; -9.81e-001; 1.47e-001; -8.17e-003
0.4424778761; 322.1238938053; -9.81e-001; 1.43e-001; -8.37e-003
0.4424778761; 322.5663716814; -9.82e-001; 1.39e-001; -8.46e-003
0.4424778761; 323.0088495575; -9.82e-001; 1.36e-001; -8.45e-003
0.4424778761; 323.4513274336; -9.82e-001; 1.32e-001; -8.34e-003
0.4424778761; 323.8938053097; -9.82e-001; 1.28e-001; -8.14e-003
0.4424778761; 324.3362831858; -9.82e-001; 1.25e-001; -7.85e-003
0.4424778761; 324.7787610619; -9.83e-001; 1.21e-001; -7.48e-003
0.4424778761; 325.2212389381; -9.83e-001; 1.18e-001; -7.04e-003
0.4424778761; 325.6637168142; -9.83e-001; 1.15e-001; -6.52e-003
0.4424778761; 326.1061946903; -9.83e-001; 1.13e-001; -5.95e-003
0.4424778761; 326.5486725664; -9.83e-001; 1.15e-001; -5.32e-003
0.4424778761; 326.9911504425; -9.83e-001; 1.08e-001; -4.65e-003
0.4424778761; 327.4336283186; -9.83e-001; 1.06e-001; -3.95e-003
0.4424778761; 327.8761061947; -9.84e-001; 1.05e-001; -3.22e-003
0.4424778761; 328.3185840708; -9.84e-001; 1.03e-001; -2.48e-003
0.4424778761; 328.7610619469; -9.84e-001; 1.02e-001; -1.72e-003
0.4424778761; 329.203539823; -9.84e-001; 1.02e-001; -9.66e-004
0.4424778761; 329.6460176991; -9.84e-001; 1.02e-001; -2.16e-004
0.4424778761; 330.0884955752; -9.84e-001; 1.02e-001; 5.20e-004
0.4424778761; 330.5309734513; -9.84e-001; 1.02e-001; 1.24e-003
0.4424778761; 330.9734513274; -9.84e-001; 1.03e-001; 1.93e-003
0.4424778761; 331.4159292035; -9.84e-001; 1.04e-001; 2.58e-003
0.4424778761; 331.8584070796; -9.84e-001; 1.06e-001; 3.22e-003
0.4424778761; 332.3008849558; -9.84e-001; 1.07e-001; 3.77e-003
0.4424778761; 332.7433628319; -9.84e-001; 1.09e-001; 4.30e-003
0.4424778761; 333.185840708; -9.84e-001; 1.11e-001; 4.76e-003
0.4424778761; 333.6283185841; -9.85e-001; 1.14e-001; 5.17e-003
0.4424778761; 334.0707964602; -9.85e-001; 1.16e-001; 5.52e-003
0.4424778761; 334.5132743363; -9.85e-001; 1.19e-001; 5.80e-003
0.4424778761; 334.9557522124; -9.85e-001; 1.21e-001; 6.01e-003
0.4424778761; 335.3982300885; -9.84e-001; 1.24e-001; 6.16e-003
0.4424778761; 335.8407079646; -9.84e-001; 1.27e-001; 6.23e-003
0.4424778761; 336.2831858407; -9.84e-001; 1.30e-001; 6.23e-003
0.4424778761; 336.7256637168; -9.84e-001; 1.32e-001; 6.17e-003
0.4424778761; 337.1681415929; -9.84e-001; 1.35e-001; 6.03e-003
0.4424778761; 337.610619469; -9.84e-001; 1.38e-001; 5.82e-003
0.4424778761; 338.0530973451; -9.84e-001; 1.40e-001; 5.55e-003
0.4424778761; 338.4955752212; -9.84e-001; 1.43e-001; 5.22e-003
0.4424778761; 338.9380530973; -9.84e-001; 1.45e-001; 4.83e-003
0.4424778761; 339.3805309735; -9.84e-001; 1.47e-001; 4.39e-003
0.4424778761; 339.8230088496; -9.83e-001; 1.49e-001; 3.90e-003
0.4424778761; 340.2654867257; -9.83e-001; 1.50e-001; 3.36e-003
0.4424778761; 340.7079646018; -9.83e-001; 1.52e-001; 2.79e-003
0.4424778761; 341.1504424779; -9.83e-001; 1.53e-001; 2.19e-003
0.4424778761; 341.592920354; -9.83e-001; 1.53e-001; 1.56e-003
0.4424778761; 342.0353982301; -9.83e-001; 1.54e-001; 9.14e-004
0.4424778761; 342.4778761062; -9.84e-001; 1.54e-001; 2.59e-004
0.4424778761; 342.9203539823; -9.83e-001; 1.54e-001; -3.98e-004
0.4424778761; 343.3628318584; -9.83e-001; 1.54e-001; -1.05e-003
0.4424778761; 343.8053097345; -9.83e-001; 1.53e-001; -1.69e-003
0.4424778761; 344.2477876106; -9.83e-001; 1.52e-001; -2.31e-003
0.4424778761; 344.6902654867; -9.83e-001; 1.51e-001; -2.91e-003
0.4424778761; 345.1327433628; -9.83e-001; 1.50e-001; -3.47e-003
0.4424778761; 345.5752212389; -9.84e-001; 1.48e-001; -3.99e-003
0.4424778761; 346.017699115; -9.84e-001; 1.46e-001; -4.46e-003
0.4424778761; 346.4601769912; -9.85e-001; 1.44e-001; -4.88e-003
0.4424778761; 346.9026548673; -9.84e-001; 1.42e-001; -5.24e-003
0.4424778761; 347.3451327434; -9.84e-001; 1.40e-001; -5.53e-003
0.4424778761; 347.7876106195; -9.85e-001; 1.37e-001; -5.76e-003
0.4424778761; 348.2300884956; -9.85e-001; 1.35e-001; -5.93e-003
0.4424778761; 348.6725663717; -9.85e-001; 1.32e-001; -6.02e-003
0.4424778761; 349.1150442478; -9.85e-001; 1.29e-001; -6.04e-003
0.4424778761; 349.5575221239; -9.85e-001; 1.27e-001; -5.98e-003
0.4424778761; 350; -9.86e-001; 1.24e-001; -5.86e-003
0.4424778761; 350.4424778761; -9.86e-001; 1.22e-001; -5.68e-003
0.4424778761; 350.8849557522; -9.86e-001; 1.19e-001; -5.42e-003
0.4424778761; 351.3274336283; -9.86e-001; 1.17e-001; -5.11e-003
0.4424778761; 351.7699115044; -9.86e-001; 1.15e-001; -4.74e-003
0.4424778761; 352.2123893805; -9.86e-001; 1.13e-001; -4.31e-003
0.4424778761; 352.6548672566; -9.86e-001; 1.11e-001; -3.84e-003
0.4424778761; 353.0973451327; -9.86e-001; 1.09e-001; -3.33e-003
0.4424778761; 353.5398230089; -9.86e-001; 1.08e-001; -2.79e-003
0.4424778761; 353.982300885; -9.86e-001; 1.07e-001; -2.21e-003
0.4424778761; 355.7522123894; -9.86e-001; 1.05e-001; 2.37e-004
0.4424778761; 356.1946902655; -9.86e-001; 1.05e-001; 8.56e-004
0.4424778761; 356.6371681416; -9.85e-001; 1.06e-001; 1.46e-003
0.4424778761; 357.0796460177; -9.85e-001; 1.06e-001; 2.06e-003
0.4424778761; 357.5221238938; -9.85e-001; 1.07e-001; 2.62e-003
0.4424778761; 357.9646017699; -9.85e-001; 1.09e-001; 3.16e-003
0.4424778761; 358.407079646; -9.85e-001; 1.10e-001; 3.67e-003
0.4424778761; 358.8495575221; -9.85e-001; 1.12e-001; 4.14e-003
0.4424778761; 359.2920353982; -9.85e-001; 1.13e-001; 4.56e-003
0.4424778761; 359.7345132743; -9.84e-001; 1.16e-001; 4.94e-003
0.4424778761; 360.1769911504; -9.84e-001; 1.18e-001; 5.26e-003
0.4424778761; 360.6194690265; -9.84e-001; 1.21e-001; 5.53e-003
0.4424778761; 361.0619469027; -9.84e-001; 1.22e-001; 5.74e-003
0.4424778761; 361.5044247788; -9.84e-001; 1.25e-001; 5.90e-003
0.4424778761; 361.9469026549; -9.83e-001; 1.27e-001; 5.99e-003
0.4424778761; 362.389380531; -9.83e-001; 1.37e-001; 6.02e-003
0.4424778761; 362.8318584071; -9.83e-001; 1.33e-001; 6.00e-003
0.4424778761; 363.2743362832; -9.83e-001; 1.35e-001; 5.91e-003
0.4424778761; 363.7168141593; -9.83e-001; 1.38e-001; 5.76e-003
0.4424778761; 364.1592920354; -9.82e-001; 1.40e-001; 5.56e-003
0.4424778761; 364.6017699115; -9.82e-001; 1.43e-001; 5.30e-003
0.4424778761; 365.0442477876; -9.82e-001; 1.45e-001; 4.98e-003
0.4424778761; 365.4867256637; -9.82e-001; 1.47e-001; 4.62e-003
0.4424778761; 365.9292035398; -9.82e-001; 1.49e-001; 4.21e-003
0.4424778761; 366.3716814159; -9.81e-001; 1.50e-001; 3.76e-003
0.4424778761; 366.814159292; -9.81e-001; 1.52e-001; 3.27e-003
0.4424778761; 367.2566371681; -9.81e-001; 1.53e-001; 2.74e-003
0.4424778761; 367.6991150442; -9.81e-001; 1.54e-001; 2.19e-003
0.4424778761; 368.1415929204; -9.81e-001; 1.55e-001; 1.62e-003
0.4424778761; 368.5840707965; -9.81e-001; 1.56e-001; 1.03e-003
0.4424778761; 369.0265486726; -9.81e-001; 1.56e-001; 4.28e-004
0.4424778761; 369.4690265487; -9.81e-001; 1.56e-001; -1.75e-004
0.4424778761; 369.9115044248; -9.81e-001; 1.56e-001; -7.75e-004
0.4424778761; 370.3539823009; -9.81e-001; 1.56e-001; -1.37e-003
0.4424778761; 370.796460177; -9.81e-001; 1.55e-001; -1.94e-003
0.4424778761; 371.2389380531; -9.81e-001; 1.54e-001; -2.49e-003
0.4424778761; 371.6814159292; -9.81e-001; 1.53e-001; -3.02e-003
0.4424778761; 372.1238938053; -9.82e-001; 1.51e-001; -3.51e-003
0.4424778761; 372.5663716814; -9.82e-001; 1.50e-001; -3.96e-003
0.4424778761; 373.0088495575; -9.82e-001; 1.48e-001; -4.37e-003
0.4424778761; 373.4513274336; -9.82e-001; 1.46e-001; -4.74e-003
0.4424778761; 373.8938053097; -9.83e-001; 1.44e-001; -5.05e-003
0.4424778761; 374.3362831858; -9.83e-001; 1.42e-001; -5.30e-003
0.4424778761; 374.7787610619; -9.83e-001; 1.39e-001; -5.50e-003
0.4424778761; 375.2212389381; -9.84e-001; 1.37e-001; -5.64e-003
0.4424778761; 375.6637168142; -9.84e-001; 1.35e-001; -5.73e-003
0.4424778761; 376.1061946903; -9.84e-001; 1.32e-001; -5.75e-003
0.4424778761; 376.5486725664; -9.84e-001; 1.30e-001; -5.71e-003
0.4424778761; 376.9911504425; -9.85e-001; 1.27e-001; -5.62e-003
0.4424778761; 377.4336283186; -9.85e-001; 1.25e-001; -5.47e-003
0.4424778761; 377.8761061947; -9.85e-001; 1.23e-001; -5.26e-003
0.4424778761; 378.3185840708; -9.85e-001; 1.20e-001; -5.77e-003
0.4424778761; 378.7610619469; -9.86e-001; 1.18e-001; -4.70e-003
0.4424778761; 379.203539823; -9.86e-001; 1.16e-001; -4.36e-003
0.4424778761; 379.6460176991; -9.86e-001; 1.15e-001; -3.97e-003
0.4424778761; 380.0884955752; -9.86e-001; 1.13e-001; -3.55e-003
0.4424778761; 380.5309734513; -9.86e-001; 1.12e-001; -3.10e-003
0.4424778761; 380.9734513274; -9.86e-001; 1.10e-001; -2.63e-003
0.4424778761; 381.4159292035; -9.86e-001; 1.09e-001; -2.14e-003
0.4424778761; 381.8584070796; -9.86e-001; 1.09e-001; -1.63e-003
0.4424778761; 382.3008849558; -9.87e-001; 1.08e-001; -1.12e-003
0.4424778761; 382.7433628319; -9.87e-001; 1.08e-001; -5.99e-004
0.4424778761; 383.185840708; -9.87e-001; 1.08e-001; -8.25e-005
0.4424778761; 383.6283185841; -9.87e-001; 1.08e-001; 4.27e-004
0.4424778761; 384.0707964602; -9.87e-001; 1.08e-001; 9.24e-004
0.4424778761; 384.5132743363; -9.87e-001; 1.08e-001; 1.41e-003
0.4424778761; 384.9557522124; -9.87e-001; 1.09e-001; 1.87e-003
0.4424778761; 385.3982300885; -9.86e-001; 1.10e-001; 2.30e-003
0.4424778761; 385.8407079646; -9.86e-001; 1.11e-001; 2.71e-003
0.4424778761; 386.2831858407; -9.86e-001; 1.13e-001; 3.09e-003
0.4424778761; 386.7256637168; -9.86e-001; 1.14e-001; 3.43e-003
0.4424778761; 387.1681415929; -9.86e-001; 1.16e-001; 3.74e-003
0.4424778761; 387.610619469; -9.86e-001; 1.17e-001; 4.32e-003
0.4424778761; 388.0530973451; -9.86e-001; 1.19e-001; 4.23e-003
0.4424778761; 388.4955752212; -9.86e-001; 1.21e-001; 4.41e-003
0.4424778761; 388.9380530973; -9.86e-001; 1.23e-001; 4.54e-003
0.4424778761; 389.3805309735; -9.85e-001; 1.25e-001; 4.64e-003
0.4424778761; 389.8230088496; -9.85e-001; 1.27e-001; 4.67e-003
0.4424778761; 390.2654867257; -9.85e-001; 1.29e-001; 4.66e-003
0.4424778761; 390.7079646018; -9.85e-001; 1.31e-001; 4.61e-003
0.4424778761; 391.1504424779; -9.85e-001; 1.33e-001; 4.51e-003
0.4424778761; 391.592920354; -9.85e-001; 1.35e-001; 4.37e-003
0.4424778761; 392.0353982301; -9.84e-001; 1.37e-001; 4.18e-003
0.4424778761; 392.4778761062; -9.84e-001; 1.38e-001; 3.95e-003
0.4424778761; 392.9203539823; -9.84e-001; 1.40e-001; 3.68e-003
0.4424778761; 393.3628318584; -9.84e-001; 1.41e-001; 3.37e-003
0.4424778761; 393.8053097345; -9.84e-001; 1.43e-001; 3.04e-003
0.4424778761; 394.2477876106; -9.83e-001; 1.44e-001; 2.67e-003
0.4424778761; 394.6902654867; -9.83e-001; 1.45e-001; 2.29e-003
0.4424778761; 395.1327433628; -9.83e-001; 1.46e-001; 1.88e-003
0.4424778761; 395.5752212389; -9.83e-001; 1.46e-001; 1.46e-003
0.4424778761; 396.017699115; -9.83e-001; 1.47e-001; 1.03e-003
0.4424778761; 396.4601769912; -9.83e-001; 1.47e-001; 5.93e-004
0.4424778761; 396.9026548673; -9.83e-001; 1.47e-001; 1.59e-004
0.4424778761; 397.3451327434; -9.83e-001; 1.47e-001; -2.70e-004
0.4424778761; 397.7876106195; -9.83e-001; 1.47e-001; -6.87e-004
0.4424778761; 398.2300884956; -9.82e-001; 1.47e-001; -1.09e-003
0.4424778761; 398.6725663717; -9.82e-001; 1.46e-001; -1.47e-003
0.4424778761; 399.1150442478; -9.83e-001; 1.45e-001; -1.83e-003
0.4424778761; 399.5575221239; -9.83e-001; 1.44e-001; -2.16e-003
0.4424778761; 400; -9.83e-001; 1.43e-001; -2.46e-003
0.4424778761; 400.4424778761; -9.83e-001; 1.42e-001; -2.73e-003
0.4424778761; 400.8849557522; -9.83e-001; 1.41e-001; -2.96e-003
0.4424778761; 401.3274336283; -9.83e-001; 1.39e-001; -3.14e-003
0.4424778761; 401.7699115044; -9.83e-001; 1.38e-001; -3.29e-003
0.4424778761; 402.2123893805; -9.84e-001; 1.37e-001; -3.40e-003
0.4424778761; 402.6548672566; -9.83e-001; 1.35e-001; -3.46e-003
0.4424778761; 403.0973451327; -9.83e-001; 1.34e-001; -3.49e-003
0.4424778761; 403.5398230089; -9.83e-001; 1.32e-001; -3.47e-003
0.4424778761; 403.982300885; -9.83e-001; 1.31e-001; -3.41e-003
0.4424778761; 404.4247787611; -9.84e-001; 1.29e-001; -3.31e-003
0.4424778761; 404.8672566372; -9.84e-001; 1.28e-001; -3.17e-003
0.4424778761; 405.3097345133; -9.84e-001; 1.26e-001; -3.28e-003
0.4424778761; 405.7522123894; -9.84e-001; 1.25e-001; -2.80e-003
0.4424778761; 406.1946902655; -9.84e-001; 1.24e-001; -2.58e-003
0.4424778761; 406.6371681416; -9.84e-001; 1.23e-001; -2.33e-003
0.4424778761; 407.0796460177; -9.84e-001; 1.22e-001; -2.06e-003
0.4424778761; 407.5221238938; -9.84e-001; 1.21e-001; -1.77e-003
0.4424778761; 407.9646017699; -9.84e-001; 1.20e-001; -1.48e-003
0.4424778761; 408.407079646; -9.84e-001; 1.20e-001; -1.17e-003
0.4424778761; 408.8495575221; -9.84e-001; 1.19e-001; -8.65e-004
0.4424778761; 409.2920353982; -9.84e-001; 1.19e-001; -5.56e-004
0.4424778761; 409.7345132743; -9.84e-001; 1.19e-001; -2.50e-004
0.4424778761; 410.1769911504; -9.84e-001; 1.19e-001; 4.98e-005
0.4424778761; 410.6194690265; -9.85e-001; 1.19e-001; 3.41e-004
0.4424778761; 411.0619469027; -9.85e-001; 1.19e-001; 6.21e-004
0.4424778761; 411.5044247788; -9.85e-001; 1.20e-001; 8.86e-004
0.4424778761; 411.9469026549; -9.85e-001; 1.20e-001; 1.14e-003
0.4424778761; 412.389380531; -9.85e-001; 1.21e-001; 1.37e-003
0.4424778761; 412.8318584071; -9.85e-001; 1.21e-001; 1.58e-003
0.4424778761; 413.2743362832; -9.85e-001; 1.22e-001; 1.77e-003
0.4424778761; 413.7168141593; -9.85e-001; 1.23e-001; 1.94e-003
0.4424778761; 414.1592920354; -9.85e-001; 1.24e-001; 2.08e-003
0.4424778761; 414.6017699115; -9.85e-001; 1.25e-001; 2.20e-003
0.4424778761; 415.0442477876; -9.85e-001; 1.26e-001; 2.29e-003
0.4424778761; 415.4867256637; -9.85e-001; 1.27e-001; 2.36e-003
0.4424778761; 415.9292035398; -9.85e-001; 1.28e-001; 2.40e-003
0.4424778761; 416.3716814159; -9.85e-001; 1.29e-001; 2.41e-003
0.4424778761; 416.814159292; -9.84e-001; 1.30e-001; 2.40e-003
0.4424778761; 417.2566371681; -9.84e-001; 1.31e-001; 2.36e-003
0.4424778761; 417.6991150442; -9.84e-001; 1.32e-001; 2.29e-003
0.4424778761; 418.1415929204; -9.84e-001; 1.33e-001; 2.20e-003
0.4424778761; 418.5840707965; -9.84e-001; 1.34e-001; 2.09e-003
0.4424778761; 419.0265486726; -9.84e-001; 1.35e-001; 1.95e-003
0.4424778761; 419.4690265487; -9.84e-001; 1.36e-001; 1.79e-003
0.4424778761; 419.9115044248; -9.84e-001; 1.37e-001; 1.62e-003
0.4424778761; 420.3539823009; -9.84e-001; 1.38e-001; 1.42e-003
0.4424778761; 420.796460177; -9.84e-001; 1.38e-001; 1.21e-003
0.4424778761; 421.2389380531; -9.84e-001; 1.39e-001; 9.86e-004
0.4424778761; 421.6814159292; -9.84e-001; 1.39e-001; 7.51e-004
0.4424778761; 422.1238938053; -9.84e-001; 1.39e-001; 5.07e-004
0.4424778761; 422.5663716814; -9.84e-001; 1.39e-001; 2.56e-004
0.4424778761; 423.0088495575; -9.84e-001; 1.39e-001; 2.52e-006
0.4424778761; 423.4513274336; -9.84e-001; 1.39e-001; -2.52e-004
0.4424778761; 423.8938053097; -9.84e-001; 1.39e-001; -5.04e-004
0.4424778761; 424.3362831858; -9.84e-001; 1.39e-001; -7.51e-004
0.4424778761; 424.7787610619; -9.84e-001; 1.39e-001; -9.91e-004
0.4424778761; 425.2212389381; -9.84e-001; 1.39e-001; -1.22e-003
0.4424778761; 425.6637168142; -9.84e-001; 1.37e-001; -1.43e-003
0.4424778761; 426.1061946903; -9.84e-001; 1.37e-001; -1.63e-003
0.4424778761; 426.5486725664; -9.84e-001; 1.36e-001; -1.81e-003
0.4424778761; 426.9911504425; -9.84e-001; 1.35e-001; -1.97e-003
0.4424778761; 427.4336283186; -9.85e-001; 1.34e-001; -2.10e-003
0.4424778761; 427.8761061947; -9.85e-001; 1.33e-001; -2.21e-003
0.4424778761; 428.3185840708; -9.85e-001; 1.32e-001; -2.29e-003
0.4424778761; 428.7610619469; -9.85e-001; 1.31e-001; -2.35e-003
0.4424778761; 429.203539823; -9.85e-001; 1.30e-001; -2.37e-003
0.4424778761; 429.6460176991; -9.85e-001; 1.29e-001; -2.37e-003
0.4424778761; 430.0884955752; -9.85e-001; 1.28e-001; -2.33e-003
0.4424778761; 430.5309734513; -9.85e-001; 1.27e-001; -2.27e-003
0.4424778761; 430.9734513274; -9.85e-001; 1.26e-001; -2.18e-003
0.4424778761; 431.4159292035; -9.85e-001; 1.25e-001; -2.06e-003
0.4424778761; 431.8584070796; -9.85e-001; 1.24e-001; -1.91e-003
0.4424778761; 432.3008849558; -9.85e-001; 1.24e-001; -1.74e-003
0.4424778761; 432.7433628319; -9.85e-001; 1.23e-001; -1.56e-003
0.4424778761; 433.185840708; -9.85e-001; 1.22e-001; -1.35e-003
0.4424778761; 433.6283185841; -9.85e-001; 1.22e-001; -1.13e-003
0.4424778761; 434.0707964602; -9.85e-001; 1.21e-001; -8.90e-004
0.4424778761; 434.5132743363; -9.85e-001; 1.21e-001; -6.44e-004
0.4424778761; 434.9557522124; -9.85e-001; 1.21e-001; -3.92e-004
0.4424778761; 435.3982300885; -9.85e-001; 1.20e-001; -1.35e-004
0.4424778761; 435.8407079646; -9.85e-001; 1.20e-001; 1.21e-004
0.4424778761; 436.2831858407; -9.85e-001; 1.21e-001; 3.76e-004
0.4424778761; 436.7256637168; -9.85e-001; 1.21e-001; 6.25e-004
0.4424778761; 437.1681415929; -9.85e-001; 1.21e-001; 8.65e-004
0.4424778761; 437.610619469; -9.85e-001; 1.21e-001; 1.10e-003
0.4424778761; 438.0530973451; -9.85e-001; 1.22e-001; 1.31e-003
0.4424778761; 438.4955752212; -9.85e-001; 1.23e-001; 1.51e-003
0.4424778761; 438.9380530973; -9.84e-001; 1.23e-001; 1.70e-003
0.4424778761; 439.3805309735; -9.84e-001; 1.24e-001; 1.86e-003
0.4424778761; 439.8230088496; -9.84e-001; 1.25e-001; 2.37e-003
0.4424778761; 440.2654867257; -9.84e-001; 1.26e-001; 2.12e-003
0.4424778761; 440.7079646018; -9.84e-001; 1.27e-001; 2.22e-003
0.4424778761; 441.1504424779; -9.84e-001; 1.28e-001; 2.30e-003
0.4424778761; 441.592920354; -9.84e-001; 1.29e-001; 2.35e-003
0.4424778761; 442.0353982301; -9.84e-001; 1.30e-001; 2.37e-003
0.4424778761; 442.4778761062; -9.84e-001; 1.31e-001; 2.38e-003
0.4424778761; 442.9203539823; -9.84e-001; 1.32e-001; 2.35e-003
0.4424778761; 443.3628318584; -9.84e-001; 1.33e-001; 2.31e-003
0.4424778761; 443.8053097345; -9.83e-001; 1.34e-001; 2.24e-003
0.4424778761; 444.2477876106; -9.83e-001; 1.35e-001; 2.15e-003
0.4424778761; 444.6902654867; -9.83e-001; 1.35e-001; 2.04e-003
0.4424778761; 445.1327433628; -9.83e-001; 1.36e-001; 1.91e-003
0.4424778761; 445.5752212389; -9.83e-001; 1.37e-001; 1.77e-003
0.4424778761; 446.017699115; -9.83e-001; 1.38e-001; 1.60e-003
0.4424778761; 446.4601769912; -9.83e-001; 1.38e-001; 1.42e-003
0.4424778761; 446.9026548673; -9.83e-001; 1.39e-001; 1.23e-003
0.4424778761; 447.3451327434; -9.83e-001; 1.40e-001; 1.03e-003
0.4424778761; 447.7876106195; -9.83e-001; 1.40e-001; 8.15e-004
0.4424778761; 448.2300884956; -9.83e-001; 1.40e-001; 5.95e-004
0.4424778761; 448.6725663717; -9.83e-001; 1.40e-001; 3.69e-004
0.4424778761; 449.1150442478; -9.83e-001; 1.41e-001; 1.39e-004
0.4424778761; 449.5575221239; -9.83e-001; 1.41e-001; -9.23e-005
0.4424778761; 450; -9.83e-001; 1.41e-001; -3.23e-004
0.4424778761; 450.4424778761; -9.83e-001; 1.40e-001; -5.55e-004
0.4424778761; 450.8849557522; -9.83e-001; 1.40e-001; -7.72e-004
0.4424778761; 451.3274336283; -9.83e-001; 1.40e-001; -9.87e-004
0.4424778761; 451.7699115044; -9.83e-001; 1.39e-001; -1.19e-003
0.4424778761; 452.2123893805; -9.83e-001; 1.39e-001; -1.39e-003
0.4424778761; 452.6548672566; -9.84e-001; 1.38e-001; -1.57e-003
0.4424778761; 453.0973451327; -9.84e-001; 1.37e-001; -1.73e-003
0.4424778761; 453.5398230089; -9.84e-001; 1.37e-001; -1.88e-003
0.4424778761; 453.982300885; -9.84e-001; 1.36e-001; -2.45e-003
0.4424778761; 454.4247787611; -9.84e-001; 1.35e-001; -2.11e-003
0.4424778761; 454.8672566372; -9.84e-001; 1.34e-001; -2.20e-003
0.4424778761; 455.3097345133; -9.84e-001; 1.33e-001; -2.26e-003
0.4424778761; 455.7522123894; -9.84e-001; 1.32e-001; -2.31e-003
0.4424778761; 456.1946902655; -9.84e-001; 1.31e-001; -2.33e-003
0.4424778761; 456.6371681416; -9.85e-001; 1.30e-001; -2.32e-003
0.4424778761; 457.0796460177; -9.85e-001; 1.29e-001; -2.29e-003
0.4424778761; 457.5221238938; -9.85e-001; 1.28e-001; -2.24e-003
0.4424778761; 457.9646017699; -9.85e-001; 1.27e-001; -2.17e-003
0.4424778761; 458.407079646; -9.85e-001; 1.26e-001; -2.08e-003
0.4424778761; 458.8495575221; -9.85e-001; 1.26e-001; -1.97e-003
0.4424778761; 459.2920353982; -9.85e-001; 1.25e-001; -1.83e-003
0.4424778761; 459.7345132743; -9.85e-001; 1.24e-001; -1.69e-003
0.4424778761; 460.1769911504; -9.85e-001; 1.23e-001; -1.52e-003
0.4424778761; 460.6194690265; -9.85e-001; 1.23e-001; -1.35e-003
0.4424778761; 461.0619469027; -9.85e-001; 1.22e-001; -1.16e-003
0.4424778761; 461.5044247788; -9.85e-001; 1.22e-001; -9.63e-004
0.4424778761; 461.9469026549; -9.85e-001; 1.21e-001; -7.60e-004
0.4424778761; 462.389380531; -9.85e-001; 1.21e-001; -5.52e-004
0.4424778761; 462.8318584071; -9.85e-001; 1.21e-001; -3.41e-004
0.4424778761; 463.2743362832; -9.85e-001; 1.21e-001; -1.30e-004
0.4424778761; 463.7168141593; -9.85e-001; 1.21e-001; 7.94e-005
0.4424778761; 464.1592920354; -9.85e-001; 1.21e-001; 2.85e-004
0.4424778761; 464.6017699115; -9.85e-001; 1.21e-001; 4.86e-004
0.4424778761; 465.0442477876; -9.85e-001; 1.21e-001; 6.79e-004
0.4424778761; 465.4867256637; -9.85e-001; 1.22e-001; 8.63e-004
0.4424778761; 465.9292035398; -9.85e-001; 1.22e-001; 1.04e-003
0.4424778761; 466.3716814159; -9.85e-001; 1.22e-001; 1.20e-003
0.4424778761; 466.814159292; -9.85e-001; 1.23e-001; 1.35e-003
0.4424778761; 467.2566371681; -9.85e-001; 1.24e-001; 1.48e-003
0.4424778761; 467.6991150442; -9.85e-001; 1.24e-001; 1.60e-003
0.4424778761; 468.1415929204; -9.85e-001; 1.25e-001; 1.70e-003
0.4424778761; 468.5840707965; -9.85e-001; 1.26e-001; 1.79e-003
0.4424778761; 469.0265486726; -9.85e-001; 1.27e-001; 1.86e-003
0.4424778761; 469.4690265487; -9.85e-001; 1.27e-001; 1.91e-003
0.4424778761; 469.9115044248; -9.85e-001; 1.28e-001; 1.95e-003
0.4424778761; 470.3539823009; -9.85e-001; 1.30e-001; 1.96e-003
0.4424778761; 470.796460177; -9.85e-001; 1.30e-001; 1.96e-003
0.4424778761; 471.2389380531; -9.84e-001; 1.31e-001; 1.94e-003
0.4424778761; 471.6814159292; -9.84e-001; 1.31e-001; 1.90e-003
0.4424778761; 472.1238938053; -9.84e-001; 1.32e-001; 1.84e-003
0.4424778761; 472.5663716814; -9.84e-001; 1.33e-001; 1.77e-003
0.4424778761; 473.0088495575; -9.84e-001; 1.34e-001; 1.68e-003
0.4424778761; 473.4513274336; -9.84e-001; 1.34e-001; 1.57e-003
0.4424778761; 473.8938053097; -9.84e-001; 1.35e-001; 1.45e-003
0.4424778761; 474.3362831858; -9.84e-001; 1.36e-001; 1.32e-003
0.4424778761; 474.7787610619; -9.84e-001; 1.36e-001; 1.17e-003
0.4424778761; 475.2212389381; -9.84e-001; 1.37e-001; 1.02e-003
0.4424778761; 475.6637168142; -9.84e-001; 1.37e-001; 8.50e-004
0.4424778761; 476.1061946903; -9.84e-001; 1.37e-001; 6.79e-004
0.4424778761; 476.5486725664; -9.84e-001; 1.38e-001; 5.01e-004
0.4424778761; 476.9911504425; -9.84e-001; 1.38e-001; 3.20e-004
0.4424778761; 477.4336283186; -9.84e-001; 1.38e-001; 1.38e-004
0.4424778761; 477.8761061947; -9.84e-001; 1.38e-001; -4.43e-005
0.4424778761; 478.3185840708; -9.84e-001; 1.38e-001; -2.24e-004
0.4424778761; 478.7610619469; -9.84e-001; 1.38e-001; -3.99e-004
0.4424778761; 479.203539823; -9.84e-001; 1.37e-001; -5.69e-004
0.4424778761; 479.6460176991; -9.84e-001; 1.37e-001; -7.29e-004
0.4424778761; 480.0884955752; -9.84e-001; 1.37e-001; -8.80e-004
0.4424778761; 480.5309734513; -9.84e-001; 1.36e-001; -1.02e-003
0.4424778761; 480.9734513274; -9.84e-001; 1.36e-001; -1.15e-003
0.4424778761; 481.4159292035; -9.84e-001; 1.35e-001; -1.26e-003
0.4424778761; 481.8584070796; -9.84e-001; 1.35e-001; -1.35e-003
0.4424778761; 482.3008849558; -9.84e-001; 1.34e-001; -1.43e-003
0.4424778761; 482.7433628319; -9.84e-001; 1.34e-001; -1.49e-003
0.4424778761; 483.185840708; -9.84e-001; 1.33e-001; -1.53e-003
0.4424778761; 483.6283185841; -9.84e-001; 1.32e-001; -1.56e-003
0.4424778761; 484.0707964602; -9.84e-001; 1.32e-001; -1.56e-003
0.4424778761; 484.5132743363; -9.84e-001; 1.31e-001; -1.55e-003
0.4424778761; 484.9557522124; -9.84e-001; 1.30e-001; -1.52e-003
0.4424778761; 485.3982300885; -9.84e-001; 1.30e-001; -1.47e-003
0.4424778761; 485.8407079646; -9.84e-001; 1.29e-001; -1.41e-003
0.4424778761; 486.2831858407; -9.84e-001; 1.28e-001; -1.33e-003
0.4424778761; 486.7256637168; -9.84e-001; 1.28e-001; -1.24e-003
0.4424778761; 487.1681415929; -9.84e-001; 1.27e-001; -1.13e-003
0.4424778761; 487.610619469; -9.84e-001; 1.27e-001; -1.01e-003
0.4424778761; 488.0530973451; -9.84e-001; 1.26e-001; -8.90e-004
0.4424778761; 488.4955752212; -9.84e-001; 1.26e-001; -7.58e-004
0.4424778761; 488.9380530973; -9.84e-001; 1.26e-001; -6.21e-004
0.4424778761; 489.3805309735; -9.84e-001; 1.25e-001; -4.81e-004
0.4424778761; 489.8230088496; -9.84e-001; 1.25e-001; -3.39e-004
0.4424778761; 490.2654867257; -9.84e-001; 1.25e-001; -1.97e-004
0.4424778761; 490.7079646018; -9.84e-001; 1.25e-001; -5.61e-005
0.4424778761; 491.1504424779; -9.84e-001; 1.25e-001; 8.10e-005
0.4424778761; 491.592920354; -9.84e-001; 1.25e-001; 2.13e-004
0.4424778761; 492.0353982301; -9.84e-001; 1.25e-001; 3.40e-004
0.4424778761; 492.4778761062; -9.84e-001; 1.26e-001; 4.59e-004
0.4424778761; 492.9203539823; -9.84e-001; 1.26e-001; 5.80e-004
0.4424778761; 493.3628318584; -9.85e-001; 1.26e-001; 6.72e-004
0.4424778761; 493.8053097345; -9.85e-001; 1.26e-001; 7.64e-004
0.4424778761; 494.2477876106; -9.85e-001; 1.27e-001; 8.45e-004
0.4424778761; 494.6902654867; -9.85e-001; 1.27e-001; 9.15e-004
0.4424778761; 495.1327433628; -9.85e-001; 1.28e-001; 9.73e-004
0.4424778761; 495.5752212389; -9.85e-001; 1.28e-001; 1.02e-003
0.4424778761; 496.017699115; -9.85e-001; 1.29e-001; 1.05e-003
0.4424778761; 496.4601769912; -9.84e-001; 1.29e-001; 1.08e-003
0.4424778761; 496.9026548673; -9.84e-001; 1.30e-001; 1.08e-003
0.4424778761; 497.3451327434; -9.84e-001; 1.31e-001; 1.08e-003
0.4424778761; 497.7876106195; -9.84e-001; 1.31e-001; 1.07e-003
0.4424778761; 498.2300884956; -9.84e-001; 1.31e-001; 1.04e-003
0.4424778761; 498.6725663717; -9.84e-001; 1.31e-001; 1.31e-003
0.4424778761; 499.1150442478; -9.84e-001; 1.32e-001; 9.55e-004
0.4424778761; 499.5575221239; -9.84e-001; 1.32e-001; 8.96e-004
0.4424778761; 500; -9.84e-001; 1.33e-001; 8.27e-004
